[31536.22031, 3.0, -1.082, 0.579, 9.831]
[31536.28549, 3.0, -1.346, 0.225, 9.342]
[31536.35142, 3.0, -0.948, 0.622, 9.634]
[31536.41803, 3.0, -1.154, 0.814, 8.983]
[31536.48469, 3.0, 1.106, 1.733, 10.099]
[31536.55111, 3.0, 0.311, 1.082, 7.882]
[31536.61757, 3.0, -0.939, 1.192, 9.486]
[31536.68445, 3.0, 0.67, 1.757, 9.989]
[31536.75086, 3.0, 1.7, 0.441, 10.467]
[31536.81776, 3.0, -0.057, 0.508, 9.735]
[31536.88417, 3.0, 0.709, 0.972, 7.863]
[31536.95077, 3.0, 1.614, 1.322, 6.618]
[31537.01739, 3.0, 2.988, 0.158, 8.595]
[31537.08437, 3.0, 2.586, -0.56, 8.37]
[31537.15102, 3.0, 5.55, 0.781, 8.155]
[31537.21784, 3.0, 5.167, -1.456, 9.524]
[31537.28461, 3.0, 7.805, -1.106, 9.874]
[31537.35102, 3.0, 7.484, -0.445, 7.341]
[31537.41752, 3.0, 7.254, -1.049, 9.965]
[31537.48443, 3.0, 6.565, -0.024, 6.814]
[31537.55092, 3.0, 6.378, 0.603, 7.25]
[31537.61808, 3.0, 5.732, -0.79, 9.304]
[31537.68438, 3.0, 5.976, -0.752, 8.021]
[31537.75081, 3.0, 7.01, 0.771, 8.686]
[31537.81738, 3.0, 6.364, 0.048, 8.174]
[31537.88398, 3.0, 5.952, 0.752, 4.496]
[31538.01732, 3.0, 8.964, -4.276, 1.369]
[31538.084, 3.0, 9.902, -2.375, 2.298]
[31538.15071, 3.0, 6.421, -2.796, 2.787]
[31538.21732, 3.0, 14.317, -1.47, 0.541]
[31538.28399, 3.0, 11.87, -6.996, 0.785]
[31538.35076, 3.0, 6.943, -6.838, -1.417]
[31538.41824, 3.0, 8.068, -5.224, 0.594]
[31538.48519, 3.0, 8.878, -5.99, 1.087]
[31538.55162, 3.0, 7.25, -5.459, 0.326]
[31538.61853, 3.0, 7.728, -5.444, -1.374]
[31538.6853, 3.0, 6.359, -8.116, 0.527]
[31538.75136, 3.0, 5.464, -6.785, -1.949]
[31538.81855, 3.0, 3.519, -6.057, 0.469]
[31538.88477, 3.0, 3.754, -7.714, 0.096]
[31538.9511, 3.0, 4.559, -5.55, -4.798]
[31539.01842, 3.0, 6.44, -16.755, -0.192]
[31539.0845, 3.0, 3.318, -9.462, 0.565]
[31539.15104, 3.0, 2.983, -10.764, -0.249]
[31539.21755, 3.0, 4.865, -6.359, 2.897]
[31539.28481, 3.0, 2.069, -12.34, -1.389]
[31539.35175, 3.0, 3.108, -8.466, 0.053]
[31539.41822, 3.0, 5.028, -8.399, -0.364]
[31539.48514, 3.0, 7.053, -7.887, -0.685]
[31539.55191, 3.0, 5.387, -8.528, -0.752]
[31539.61866, 3.0, 5.861, -8.327, -1.307]
[31539.68538, 3.0, 5.804, -8.246, -1.561]
[31539.75207, 3.0, 8.351, -6.661, 1.049]
[31539.81838, 3.0, 6.756, -7.082, -0.163]
[31539.88524, 3.0, 6.206, -8.423, -1.006]
[31539.95165, 3.0, 5.176, -8.461, -1.322]
[31540.08491, 3.0, 4.448, -8.365, -1.805]
[31540.15148, 3.0, 6.316, -6.804, -2.452]
[31540.21771, 3.0, 6.723, -7.12, -2.782]
[31540.28488, 3.0, 5.89, -6.445, -3.424]
[31540.35147, 3.0, 7.116, -5.799, -3.122]
[31540.4184, 3.0, 9.51, -7.092, -4.702]
[31540.48525, 3.0, 5.583, -8.499, -1.528]
[31540.55166, 3.0, 5.78, -6.45, 3.577]
[31540.61849, 3.0, 5.023, -8.035, -3.836]
[31540.6853, 3.0, 6.828, -7.934, 0.259]
[31540.75168, 3.0, 6.335, -7.389, 0.292]
[31540.81821, 3.0, 6.531, -6.929, 0.077]
[31540.88483, 3.0, 6.512, -7.436, -0.134]
[31540.95145, 3.0, 6.929, -7.69, -1.087]
[31541.01771, 3.0, 6.412, -7.815, -0.622]
[31541.08458, 3.0, 9.108, -9.902, 2.614]
[31541.151, 3.0, 5.511, -7.475, -0.311]
[31541.21758, 3.0, 7.168, -8.61, 2.102]
[31541.2842, 3.0, 8.064, -7.925, 0.905]
[31541.35075, 3.0, 5.339, -7.786, 0.407]
[31541.41806, 3.0, 4.123, -8.226, 0.589]
[31541.48445, 3.0, 3.203, -9.151, -1.374]
[31541.55099, 3.0, 3.294, -9.29, -1.848]
[31541.61817, 3.0, 3.5, -8.772, -2.816]
[31541.68448, 3.0, 4.032, -8.964, -3.021]
[31541.75089, 3.0, 3.888, -8.384, -2.614]
[31541.81814, 3.0, 3.414, -7.915, -3.045]
[31541.88443, 3.0, 3.184, -8.485, -3.069]
[31541.95096, 3.0, 3.323, -8.183, -3.117]
[31542.01783, 3.0, 4.539, -8.748, -2.662]
[31542.08429, 3.0, 6.522, -12.392, -2.456]
[31542.15078, 3.0, 2.418, -7.819, 0.22]
[31542.28427, 3.0, 7.173, -8.906, 1.618]
[31542.35085, 3.0, 7.044, -8.413, -1.844]
[31542.41778, 3.0, 6.943, -7.422, 1.355]
[31542.55086, 3.0, 6.225, -7.772, 0.139]
[31542.61779, 3.0, 6.0, -8.064, -0.244]
[31542.68419, 3.0, 6.972, -8.198, -0.536]
[31542.75207, 3.0, 7.479, -8.313, 0.12]
[31542.81808, 3.0, 6.646, -11.87, 0.905]
[31542.88434, 3.0, 2.648, -8.868, -0.876]
[31542.9509, 3.0, 6.268, -8.758, 2.15]
[31543.01813, 3.0, 7.106, -7.944, -2.088]
[31543.08446, 3.0, 5.966, -7.163, -1.269]
[31543.15126, 3.0, 5.047, -6.977, -0.091]
[31543.21798, 3.0, 2.476, -7.676, -1.652]
[31543.28439, 3.0, 4.142, -7.341, -4.956]
[31543.35093, 3.0, 11.55, -6.9, -3.285]
[31543.41782, 3.0, 6.651, -8.274, 0.771]
[31543.48431, 3.0, 4.276, -8.313, -0.843]
[31543.5508, 3.0, 4.827, -7.695, 4.08]
[31543.61776, 3.0, 5.708, -7.321, -2.931]
[31543.68427, 3.0, 5.737, -8.241, 2.179]
[31543.75148, 3.0, 5.622, -7.398, 0.206]
[31543.81818, 3.0, 5.646, -8.279, 0.254]
[31543.88441, 3.0, 5.995, -8.677, -0.278]
[31543.95091, 3.0, 7.728, -8.092, 0.244]
[31544.01749, 3.0, 7.58, -10.075, 0.244]
[31544.08406, 3.0, 4.645, -8.452, -0.215]
[31544.15097, 3.0, 5.148, -9.692, 1.949]
[31544.21783, 3.0, 6.369, -8.078, -1.604]
[31544.28431, 3.0, 6.541, -6.44, -0.239]
[31544.3509, 3.0, 4.645, -5.847, -1.154]
[31544.41781, 3.0, 2.6, -5.784, -1.441]
[31544.5515, 3.0, 10.075, -8.298, -5.746]
[31544.61772, 3.0, 7.982, -14.183, 2.227]
[31544.68421, 3.0, 2.964, -3.888, -1.025]
[31544.75145, 3.0, 6.464, -10.022, 1.125]
[31544.81775, 3.0, 6.369, -6.929, -0.086]
[31544.88422, 3.0, 4.793, -7.901, -0.536]
[31544.9508, 3.0, 5.219, -7.757, 1.097]
[31545.01738, 3.0, 7.499, -7.867, -0.086]
[31545.084, 3.0, 5.732, -7.901, -0.326]
[31545.15072, 3.0, 10.501, -6.598, 1.025]
[31545.21734, 3.0, 6.191, -10.501, 1.379]
[31545.28446, 3.0, 3.065, -10.846, 0.426]
[31545.35159, 3.0, 5.08, -10.472, -0.23]
[31545.41854, 3.0, 7.178, -6.78, -2.591]
[31545.48459, 3.0, 3.879, -4.975, -0.651]
[31545.55133, 3.0, 3.735, -5.444, -1.221]
[31545.61859, 3.0, 4.094, -5.875, -4.209]
[31545.68468, 3.0, 14.226, -8.294, -6.33]
[31545.75137, 3.0, 8.447, -8.15, -2.476]
[31545.81808, 3.0, 3.701, -8.317, -1.106]
[31545.88459, 3.0, 4.697, -5.933, 3.127]
[31545.95132, 3.0, 6.053, -8.437, -2.978]
[31546.01771, 3.0, 5.837, -7.125, 0.704]
[31546.08437, 3.0, 6.388, -7.307, 0.067]
[31546.15122, 3.0, 5.851, -7.963, -0.096]
[31546.2183, 3.0, 6.962, -7.781, 0.259]
[31546.2847, 3.0, 7.532, -6.977, 0.168]
[31546.35147, 3.0, 8.179, -7.767, -0.527]
[31546.41847, 3.0, 6.177, -9.816, 0.752]
[31546.48462, 3.0, 4.18, -7.604, -0.622]
[31546.55096, 3.0, 4.448, -12.0, -0.378]
[31546.61821, 3.0, 8.758, -6.412, -0.982]
[31546.68449, 3.0, 5.167, -6.436, -0.996]
[31546.75096, 3.0, 5.057, -6.11, -2.097]
[31546.81817, 3.0, 4.501, -6.345, -1.69]
[31546.88447, 3.0, 6.589, -6.972, -3.788]
[31546.95095, 3.0, 10.276, -6.914, -4.367]
[31547.01763, 3.0, 6.057, -7.049, -4.386]
[31547.06079, 3.0, 6.33, -7.389, -3.448]
[31547.09239, 3.0, 5.358, -7.618, -1.7]
[31547.11823, 3.0, 6.148, -8.107, 0.091]
[31547.14118, 3.0, 7.47, -9.687, 0.192]
[31547.16296, 3.0, 7.93, -11.583, -0.977]
[31547.18349, 3.0, 4.961, -10.396, -1.872]
[31547.20566, 3.0, 1.216, -6.732, -1.255]
[31547.22489, 3.0, 1.317, -6.46, -0.824]
[31547.24449, 3.0, 2.911, -7.14, -0.373]
[31547.2646, 3.0, 5.622, -8.432, 0.268]
[31547.28465, 3.0, 6.694, -9.06, 2.011]
[31547.30431, 3.0, 8.159, -8.054, 3.122]
[31547.32415, 3.0, 8.543, -6.828, 3.017]
[31547.34423, 3.0, 7.585, -6.699, 0.019]
[31547.36417, 3.0, 6.598, -7.685, -1.274]
[31547.3848, 3.0, 5.641, -8.447, 0.124]
[31547.4046, 3.0, 5.339, -8.61, 1.36]
[31547.42431, 3.0, 5.215, -8.672, 0.986]
[31547.44489, 3.0, 4.721, -8.854, -0.268]
[31547.4652, 3.0, 4.539, -8.753, -0.263]
[31547.5247, 3.0, 6.483, -7.235, 1.633]
[31547.54472, 3.0, 6.823, -7.393, 1.575]
[31547.56439, 3.0, 6.536, -7.503, 0.929]
[31547.58493, 3.0, 6.45, -7.757, 0.828]
[31547.60459, 3.0, 6.493, -7.891, 1.03]
[31547.62431, 3.0, 6.675, -7.939, 0.704]
[31547.64452, 3.0, 6.675, -7.963, 0.757]
[31547.66466, 3.0, 6.172, -7.843, 1.288]
[31547.685, 3.0, 5.89, -7.7, 1.101]
[31547.70509, 3.0, 5.856, -7.7, 0.632]
[31547.72455, 3.0, 6.182, -7.714, 0.388]
[31547.74464, 3.0, 6.345, -7.551, 1.149]
[31547.76472, 3.0, 6.57, -7.403, 0.876]
[31547.78505, 3.0, 6.517, -7.283, 0.723]
[31547.80494, 3.0, 6.603, -7.278, 1.13]
[31547.82457, 3.0, 6.905, -7.427, 1.882]
[31547.84465, 3.0, 7.154, -7.618, 2.184]
[31547.86471, 3.0, 8.341, -7.547, 1.82]
[31547.8844, 3.0, 8.691, -7.848, 1.638]
[31547.90456, 3.0, 7.374, -9.519, 1.647]
[31547.92445, 3.0, 4.027, -11.674, 1.255]
[31547.94459, 3.0, 3.314, -11.521, 0.168]
[31547.96468, 3.0, 4.381, -9.376, 0.915]
[31547.98484, 3.0, 5.009, -7.772, 3.199]
[31548.00479, 3.0, 5.339, -8.308, -1.724]
[31548.02464, 3.0, 4.803, -8.413, 0.642]
[31548.0444, 3.0, 4.879, -8.356, 3.237]
[31548.06459, 3.0, 4.922, -8.135, 0.924]
[31548.085, 3.0, 5.401, -7.264, 0.359]
[31548.10506, 3.0, 4.334, -7.178, 1.25]
[31548.1246, 3.0, 3.797, -7.647, -0.656]
[31548.14468, 3.0, 3.381, -8.82, 0.187]
[31548.16473, 3.0, 3.17, -9.859, -0.12]
[31548.18446, 3.0, 3.625, -9.802, -0.153]
[31548.20459, 3.0, 4.262, -9.246, -0.728]
[31548.22441, 3.0, 4.573, -9.05, -0.579]
[31548.24459, 3.0, 4.051, -9.673, -0.359]
[31548.26435, 3.0, 3.725, -10.228, -0.249]
[31548.28423, 3.0, 3.74, -10.199, -0.215]
[31548.30448, 3.0, 4.482, -9.299, -0.005]
[31548.32429, 3.0, 4.515, -8.777, -0.225]
[31548.34452, 3.0, 4.654, -8.772, -0.594]
[31548.36433, 3.0, 4.544, -8.844, -0.824]
[31548.38414, 3.0, 4.611, -8.739, -0.752]
[31548.40412, 3.0, 4.63, -8.633, -0.656]
[31548.42407, 3.0, 4.812, -8.523, -0.666]
[31548.44441, 3.0, 4.951, -8.399, -0.838]
[31548.46459, 3.0, 5.028, -8.428, -0.991]
[31548.52446, 3.0, 5.368, -8.533, -1.077]
[31548.5446, 3.0, 5.392, -8.423, -1.24]
[31548.56439, 3.0, 5.353, -8.15, -1.346]
[31548.58489, 3.0, 5.617, -7.728, -1.489]
[31548.60446, 3.0, 5.789, -7.446, -1.599]
[31548.62433, 3.0, 5.986, -7.408, -1.738]
[31548.64454, 3.0, 6.134, -7.355, -2.107]
[31548.66427, 3.0, 6.321, -7.36, -2.72]
[31548.68482, 3.0, 6.747, -7.403, -2.763]
[31548.70479, 3.0, 6.809, -7.226, -2.456]
[31548.72467, 3.0, 6.618, -6.991, -1.963]
[31548.7447, 3.0, 5.899, -7.513, -1.911]
[31548.76433, 3.0, 5.377, -8.15, -2.107]
[31548.78487, 3.0, 5.076, -8.48, -2.188]
[31548.8048, 3.0, 5.344, -8.097, -2.289]
[31548.82463, 3.0, 5.698, -7.441, -2.025]
[31548.84436, 3.0, 5.875, -7.508, -2.002]
[31548.86416, 3.0, 5.957, -7.819, -1.652]
[31548.88475, 3.0, 5.521, -8.145, -1.575]
[31548.90475, 3.0, 5.21, -8.107, -1.628]
[31548.92475, 3.0, 5.128, -7.944, -1.844]
[31548.94475, 3.0, 5.962, -7.566, -1.609]
[31548.96435, 3.0, 6.627, -7.671, -1.374]
[31548.98489, 3.0, 6.579, -7.805, -1.528]
[31549.00443, 3.0, 6.139, -7.7, -1.341]
[31549.02421, 3.0, 5.851, -7.681, -0.426]
[31549.04411, 3.0, 5.669, -7.863, 0.086]
[31549.06403, 3.0, 5.583, -7.997, 0.225]
[31549.08406, 3.0, 5.545, -8.049, 0.201]
[31549.1044, 3.0, 5.698, -8.097, -0.072]
[31549.12419, 3.0, 6.009, -8.222, -0.168]
[31549.14435, 3.0, 6.201, -8.327, -0.283]
[31549.16425, 3.0, 6.105, -8.188, -0.163]
[31549.18481, 3.0, 6.421, -7.661, 0.196]
[31549.20478, 3.0, 6.972, -7.312, 0.68]
[31549.22462, 3.0, 7.321, -6.986, 1.197]
[31549.2443, 3.0, 7.46, -6.938, 1.336]
[31549.26423, 3.0, 7.532, -7.211, 0.752]
[31549.28481, 3.0, 6.843, -7.331, 0.565]
[31549.30477, 3.0, 6.589, -7.494, 0.781]
[31549.32455, 3.0, 6.445, -7.695, 0.828]
[31549.34433, 3.0, 6.316, -7.738, 0.287]
[31549.36416, 3.0, 6.187, -7.69, 0.594]
[31549.38407, 3.0, 6.685, -7.642, 0.666]
[31549.4044, 3.0, 6.512, -7.757, 0.594]
[31549.42456, 3.0, 5.909, -7.633, 0.876]
[31549.44432, 3.0, 5.756, -7.566, 0.867]
[31549.46415, 3.0, 6.1, -7.561, 0.646]
[31549.52499, 3.0, 6.488, -7.609, 0.733]
[31549.54454, 3.0, 6.086, -7.819, 0.479]
[31549.56427, 3.0, 5.895, -7.987, 0.397]
[31549.58413, 3.0, 5.895, -7.934, 0.469]
[31549.60443, 3.0, 6.287, -7.614, 0.819]
[31549.62493, 3.0, 6.656, -7.551, 0.728]
[31549.64484, 3.0, 6.737, -7.633, 0.555]
[31549.66448, 3.0, 6.551, -7.733, 0.469]
[31549.68494, 3.0, 6.235, -7.652, 0.45]
[31549.70484, 3.0, 6.44, -7.652, 0.584]
[31549.7248, 3.0, 6.819, -7.867, 0.666]
[31549.74445, 3.0, 6.78, -7.982, 0.8]
[31549.76422, 3.0, 6.531, -7.877, 0.713]
[31549.78448, 3.0, 6.426, -7.853, 0.589]
[31549.80493, 3.0, 6.268, -7.834, 0.383]
[31549.82502, 3.0, 6.316, -7.848, -0.321]
[31549.8445, 3.0, 6.23, -7.681, 0.134]
[31549.86424, 3.0, 6.776, -7.666, 0.704]
[31549.88484, 3.0, 7.891, -7.939, 1.073]
[31549.9046, 3.0, 7.954, -8.14, 0.723]
[31549.92469, 3.0, 7.585, -8.231, 1.235]
[31549.94439, 3.0, 8.054, -8.274, 1.82]
[31549.96419, 3.0, 7.633, -8.413, 1.949]
[31549.98414, 3.0, 6.009, -8.787, 1.068]
[31550.00412, 3.0, 4.693, -9.218, 0.402]
[31550.02443, 3.0, 3.907, -8.959, 0.431]
[31550.04529, 3.0, 4.281, -8.131, 0.939]
[31550.06464, 3.0, 4.266, -7.728, 0.532]
[31550.08468, 3.0, 4.061, -7.781, -0.373]
[31550.10469, 3.0, 5.895, -7.269, 0.551]
[31550.1249, 3.0, 6.187, -8.356, -0.326]
[31550.14444, 3.0, 7.216, -8.739, 0.622]
[31550.1643, 3.0, 6.589, -9.515, 0.263]
[31550.18419, 3.0, 5.909, -10.951, -0.182]
[31550.20414, 3.0, 7.173, -10.491, 0.259]
[31550.22483, 3.0, 7.949, -8.868, -0.608]
[31550.24459, 3.0, 8.169, -6.565, -1.164]
[31550.26433, 3.0, 6.369, -6.335, -1.863]
[31550.28421, 3.0, 6.091, -6.235, -1.561]
[31550.30447, 3.0, 5.55, -6.9, -2.15]
[31550.3246, 3.0, 4.903, -7.168, -0.91]
[31550.34427, 3.0, 4.362, -7.159, -1.221]
[31550.36419, 3.0, 4.099, -6.675, -1.537]
[31550.38446, 3.0, 3.61, -6.273, -1.93]
[31550.40428, 3.0, 3.543, -5.895, -2.126]
[31550.42451, 3.0, 3.955, -5.775, -2.246]
[31550.46424, 3.0, 4.784, -6.426, -2.825]
[31550.57073, 3.0, 9.649, -6.335, -5.981]
[31550.63849, 3.0, 6.8, -6.589, -3.184]
[31550.70541, 3.0, 7.958, -12.675, -0.34]
[31550.77143, 3.0, 3.395, -4.396, 0.311]
[31550.83848, 3.0, 7.144, -8.753, -1.044]
[31550.90547, 3.0, 6.632, -6.024, 1.168]
[31550.97142, 3.0, 5.454, -8.303, -0.048]
[31551.03753, 3.0, 4.899, -7.561, 0.273]
[31551.10476, 3.0, 7.321, -7.479, 0.024]
[31551.17142, 3.0, 6.172, -7.858, -0.019]
[31551.23756, 3.0, 6.938, -7.772, -0.019]
[31551.30409, 3.0, 8.049, -7.523, -0.599]
[31551.37063, 3.0, 8.447, -9.687, 0.369]
[31551.43752, 3.0, 5.66, -8.653, 0.986]
[31551.53776, 3.0, 7.412, -8.959, 0.431]
[31551.56492, 3.0, 8.413, -8.164, -0.527]
[31551.58849, 3.0, 8.586, -7.705, -1.403]
[31551.60963, 3.0, 7.858, -7.178, -1.556]
[31551.63066, 3.0, 6.613, -6.316, -1.408]
[31551.65104, 3.0, 4.702, -6.661, -0.958]
[31551.67122, 3.0, 4.175, -6.546, -1.154]
[31551.691, 3.0, 4.482, -6.412, -1.006]
[31551.7112, 3.0, 4.621, -6.273, -1.269]
[31551.73164, 3.0, 4.602, -5.962, -1.46]
[31551.75153, 3.0, 4.515, -5.808, -1.935]
[31551.77147, 3.0, 4.123, -5.966, -2.523]
[31551.79147, 3.0, 3.831, -5.952, -2.921]
[31551.81112, 3.0, 3.701, -5.904, -3.223]
[31551.83087, 3.0, 4.424, -5.942, -2.916]
[31551.85081, 3.0, 6.742, -6.776, -4.013]
[31551.87111, 3.0, 9.505, -8.768, -5.612]
[31551.89129, 3.0, 11.76, -8.763, -6.838]
[31551.91135, 3.0, 11.052, -6.57, -6.144]
[31551.93119, 3.0, 8.011, -6.081, -5.669]
[31551.951, 3.0, 5.483, -5.171, -4.161]
[31551.9712, 3.0, 6.953, -6.335, -2.035]
[31551.99134, 3.0, 7.484, -9.242, 0.168]
[31552.01137, 3.0, 7.853, -12.268, 1.077]
[31552.03122, 3.0, 8.72, -13.034, 0.622]
[31552.05092, 3.0, 5.669, -8.499, -2.557]
[31552.07116, 3.0, 3.285, -4.563, -2.016]
[31552.09098, 3.0, 2.351, -3.96, 1.178]
[31552.11119, 3.0, 2.926, -5.42, 3.922]
[31552.13098, 3.0, 5.732, -6.891, 4.386]
[31552.15081, 3.0, 8.121, -8.787, 2.624]
[31552.1711, 3.0, 7.786, -10.659, -4.903]
[31552.19129, 3.0, 6.263, -8.672, -3.697]
[31552.21102, 3.0, 7.058, -6.574, -0.153]
[31552.23096, 3.0, 6.838, -6.0, 1.561]
[31552.25086, 3.0, 5.76, -6.828, 0.943]
[31552.27081, 3.0, 5.148, -8.179, 0.709]
[31552.2908, 3.0, 5.205, -8.528, 0.469]
[31552.31095, 3.0, 5.602, -8.083, 0.005]
[31552.3308, 3.0, 5.799, -7.523, 0.431]
[31552.35077, 3.0, 5.727, -7.13, 0.713]
[31552.37109, 3.0, 5.65, -6.996, 0.622]
[31552.39129, 3.0, 6.129, -7.489, -0.187]
[31552.41135, 3.0, 6.613, -7.743, 0.196]
[31552.43098, 3.0, 6.632, -7.858, 1.178]
[31552.45081, 3.0, 6.531, -8.246, -0.905]
[31552.47111, 3.0, 6.402, -8.428, -0.426]
[31552.51103, 3.0, 6.536, -8.303, 0.072]
[31552.53105, 3.0, 7.633, -7.906, -0.196]
[31552.55091, 3.0, 8.14, -7.465, 0.589]
[31552.57116, 3.0, 8.265, -7.125, -0.024]
[31552.59132, 3.0, 7.925, -7.341, -0.67]
[31552.61137, 3.0, 8.844, -8.078, -0.268]
[31552.63124, 3.0, 8.849, -8.758, -0.713]
[31552.65096, 3.0, 8.37, -9.069, 1.24]
[31552.67118, 3.0, 7.757, -9.146, 1.633]
[31552.69098, 3.0, 5.535, -10.295, 2.543]
[31552.7109, 3.0, 3.347, -9.294, 1.671]
[31552.73103, 3.0, 2.361, -8.241, -2.715]
[31552.7509, 3.0, 2.485, -8.643, -1.312]
[31552.77116, 3.0, 4.903, -9.122, 0.819]
[31552.79095, 3.0, 5.708, -8.844, 1.24]
[31552.81087, 3.0, 6.297, -8.054, 1.025]
[31552.83103, 3.0, 6.833, -7.887, 0.498]
[31552.85084, 3.0, 7.599, -8.404, -0.508]
[31552.87112, 3.0, 8.241, -8.997, -1.599]
[31552.8913, 3.0, 7.915, -8.552, -1.437]
[31552.91135, 3.0, 7.01, -7.226, -1.168]
[31552.93106, 3.0, 6.139, -6.603, -0.555]
[31552.95086, 3.0, 5.689, -6.503, -0.603]
[31552.97113, 3.0, 5.502, -6.493, -1.188]
[31552.99132, 3.0, 5.133, -6.105, -0.891]
[31553.01122, 3.0, 4.86, -5.856, -1.001]
[31553.03099, 3.0, 4.75, -6.014, -2.327]
[31553.05091, 3.0, 3.821, -6.177, -3.213]
[31553.07116, 3.0, 3.907, -6.158, -3.065]
[31553.09132, 3.0, 4.161, -6.709, -2.423]
[31553.11105, 3.0, 5.31, -7.35, -1.997]
[31553.13108, 3.0, 5.775, -8.643, -1.379]
[31553.1511, 3.0, 5.057, -9.309, -3.041]
[31553.17125, 3.0, 4.3, -8.485, -6.618]
[31553.19138, 3.0, 6.57, -6.709, -5.703]
[31553.21107, 3.0, 8.878, -5.315, -3.931]
[31553.23126, 3.0, 10.4, -4.271, -1.59]
[31553.25126, 3.0, 10.396, -4.18, -0.412]
[31553.27101, 3.0, 9.811, -4.357, -1.571]
[31553.29162, 3.0, 10.793, -6.139, -3.845]
[31553.31149, 3.0, 10.865, -8.878, -2.476]
[31553.33147, 3.0, 10.477, -12.55, 0.594]
[31553.35165, 3.0, 7.513, -14.485, -2.983]
[31553.37121, 3.0, 0.436, -11.037, -2.274]
[31553.39135, 3.0, -1.231, -5.655, 0.196]
[31553.41122, 3.0, -0.8, -5.219, 2.27]
[31553.43099, 3.0, 3.132, -7.566, 3.141]
[31553.45156, 3.0, 7.082, -9.572, 4.482]
[31553.47109, 3.0, 9.764, -9.84, -0.383]
[31553.49093, 3.0, 8.758, -7.35, -2.461]
[31553.5109, 3.0, 6.79, -5.952, 0.287]
[31553.53117, 3.0, 5.679, -6.579, 2.251]
[31553.5513, 3.0, 5.344, -7.872, 2.265]
[31553.57102, 3.0, 4.889, -8.729, -0.335]
[31553.59125, 3.0, 4.999, -9.088, -1.7]
[31553.61158, 3.0, 5.808, -8.519, 0.024]
[31553.6311, 3.0, 5.727, -8.183, 1.48]
[31553.65152, 3.0, 5.511, -7.379, 1.451]
[31553.67111, 3.0, 5.66, -6.795, 0.527]
[31553.69095, 3.0, 6.297, -6.402, -0.062]
[31553.7108, 3.0, 7.049, -7.116, 0.067]
[31553.73112, 3.0, 6.986, -7.561, 0.575]
[31553.75115, 3.0, 5.957, -8.188, 0.761]
[31553.77091, 3.0, 5.31, -8.538, 0.431]
[31553.79079, 3.0, 5.722, -8.442, -0.053]
[31553.81083, 3.0, 6.503, -8.447, -0.244]
[31553.83114, 3.0, 7.101, -8.155, 0.646]
[31553.85103, 3.0, 7.499, -7.527, 1.298]
[31553.87083, 3.0, 7.604, -7.092, 1.566]
[31553.89073, 3.0, 8.27, -7.456, -0.244]
[31553.91136, 3.0, 8.648, -8.059, 0.283]
[31553.93141, 3.0, 8.72, -9.131, -0.177]
[31553.9511, 3.0, 7.36, -9.328, 0.321]
[31553.9711, 3.0, 6.766, -9.103, 0.809]
[31553.99086, 3.0, 5.737, -8.729, 0.215]
[31554.01122, 3.0, 4.199, -8.973, 0.814]
[31554.03133, 3.0, 3.285, -9.002, 0.215]
[31554.05189, 3.0, 2.792, -8.988, -2.342]
[31554.0713, 3.0, 3.275, -8.763, -1.422]
[31554.09105, 3.0, 4.142, -9.716, -0.603]
[31554.1109, 3.0, 5.028, -10.3, 0.12]
[31554.13118, 3.0, 5.88, -9.993, 0.479]
[31554.15118, 3.0, 6.608, -9.658, -0.364]
[31554.17139, 3.0, 6.613, -9.084, -1.312]
[31554.19102, 3.0, 6.618, -8.25, -1.911]
[31554.21114, 3.0, 6.546, -7.575, -1.671]
[31554.23129, 3.0, 5.784, -6.819, -1.13]
[31554.25103, 3.0, 5.033, -6.584, -0.809]
[31554.27094, 3.0, 4.645, -6.646, -1.24]
[31554.29078, 3.0, 4.132, -6.33, -1.556]
[31554.31075, 3.0, 4.195, -5.895, -1.676]
[31554.33075, 3.0, 4.372, -5.622, -1.542]
[31554.35078, 3.0, 4.482, -5.708, -1.604]
[31554.3707, 3.0, 5.157, -5.88, -1.844]
[31554.39078, 3.0, 5.157, -6.124, -1.437]
[31554.41143, 3.0, 5.08, -7.298, -2.916]
[31554.4311, 3.0, 6.024, -8.763, -4.295]
[31554.45094, 3.0, 7.278, -8.365, -5.416]
[31554.49079, 3.0, 9.816, -7.81, -4.377]
[31554.51143, 3.0, 7.843, -7.57, -4.362]
[31554.53103, 3.0, 7.278, -7.379, -4.985]
[31554.5509, 3.0, 6.857, -8.356, -3.376]
[31554.57107, 3.0, 7.116, -10.29, 0.048]
[31554.59085, 3.0, 6.483, -11.823, 2.227]
[31554.61157, 3.0, 4.061, -12.378, 1.403]
[31554.6311, 3.0, 1.551, -9.869, -1.264]
[31554.65108, 3.0, 1.633, -7.566, -2.064]
[31554.67108, 3.0, 2.993, -7.542, 0.201]
[31554.69094, 3.0, 3.955, -7.14, 2.322]
[31554.7115, 3.0, 5.468, -6.881, 2.811]
[31554.73114, 3.0, 6.823, -6.574, 1.135]
[31554.75112, 3.0, 6.828, -6.871, -0.804]
[31554.7717, 3.0, 6.067, -7.044, -0.148]
[31554.79126, 3.0, 5.406, -8.432, 2.16]
[31554.81134, 3.0, 4.966, -9.467, 2.677]
[31554.83106, 3.0, 4.836, -9.553, 1.231]
[31554.85091, 3.0, 4.616, -9.036, -1.595]
[31554.87097, 3.0, 4.812, -8.499, -2.078]
[31554.89088, 3.0, 5.095, -8.313, -1.188]
[31554.91147, 3.0, 4.539, -8.399, 0.622]
[31554.93112, 3.0, 4.295, -8.543, 1.082]
[31554.95094, 3.0, 4.664, -8.528, 0.819]
[31555.05729, 3.0, 6.402, -8.064, 0.632]
[31555.12418, 3.0, 5.521, -8.586, -0.651]
[31555.19211, 3.0, 7.293, -9.127, 0.642]
[31555.25872, 3.0, 4.53, -11.296, 0.359]
[31555.32398, 3.0, 3.318, -8.001, -3.194]
[31555.39196, 3.0, 4.99, -9.304, 1.302]
[31555.4581, 3.0, 5.444, -9.06, -1.882]
[31555.52398, 3.0, 4.688, -6.929, -1.695]
[31555.59206, 3.0, 4.793, -6.498, -2.365]
[31555.6581, 3.0, 5.751, -6.737, -3.419]
[31555.72399, 3.0, 7.441, -9.093, -4.401]
[31555.79207, 3.0, 4.693, -9.51, -1.24]
[31555.8581, 3.0, 3.361, -8.265, -0.158]
[31555.9245, 3.0, 4.348, -9.242, 2.15]
[31555.99213, 3.0, 5.804, -8.193, 1.403]
[31556.02549, 3.0, 3.5, -10.41, 0.35]
[31556.0514, 3.0, 4.137, -9.29, 0.766]
[31556.07474, 3.0, 5.286, -8.025, 0.757]
[31556.0961, 3.0, 6.057, -7.173, 0.397]
[31556.11679, 3.0, 5.971, -6.742, -0.12]
[31556.13745, 3.0, 5.454, -6.847, -0.474]
[31556.1581, 3.0, 5.061, -7.202, 0.038]
[31556.17776, 3.0, 4.927, -7.896, 0.469]
[31556.19824, 3.0, 4.999, -8.38, 0.632]
[31556.21785, 3.0, 5.31, -8.72, 0.239]
[31556.23797, 3.0, 5.545, -9.017, -0.46]
[31556.25849, 3.0, 6.029, -9.146, -1.183]
[31556.27796, 3.0, 6.479, -8.887, -0.637]
[31556.2977, 3.0, 6.867, -8.303, -0.278]
[31556.31758, 3.0, 6.953, -7.891, 0.115]
[31556.33784, 3.0, 5.689, -8.71, 0.22]
[31556.35786, 3.0, 4.879, -9.304, 0.369]
[31556.37796, 3.0, 4.712, -9.457, 0.493]
[31556.39834, 3.0, 5.957, -7.01, -0.886]
[31556.41787, 3.0, 0.354, -9.246, 5.344]
[31556.43808, 3.0, 3.936, -13.767, 4.841]
[31556.45832, 3.0, 10.104, -12.306, -6.167]
[31556.47781, 3.0, 5.071, -11.109, -0.335]
[31556.49794, 3.0, 4.688, -8.413, 1.326]
[31556.53784, 3.0, 6.024, -7.192, -2.811]
[31556.55765, 3.0, 3.859, -8.897, -1.092]
[31556.57753, 3.0, 3.218, -9.251, -0.646]
[31556.63746, 3.0, 3.869, -11.286, -1.513]
[31556.6582, 3.0, 3.807, -11.186, -0.158]
[31556.67781, 3.0, 4.104, -10.549, 0.22]
[31556.69794, 3.0, 3.596, -11.554, -1.389]
[31556.71772, 3.0, 4.056, -11.492, -1.053]
[31556.73792, 3.0, 4.329, -11.612, -0.23]
[31556.75842, 3.0, 4.664, -13.216, -1.235]
[31556.77804, 3.0, 5.138, -13.427, -1.781]
[31556.79841, 3.0, 5.507, -12.148, 0.182]
[31556.81796, 3.0, 6.785, -12.048, -0.646]
[31556.83804, 3.0, 6.594, -10.937, -2.916]
[31556.8584, 3.0, 8.724, -7.489, -2.38]
[31556.87791, 3.0, 7.575, -6.464, -4.247]
[31556.89836, 3.0, 6.445, -4.875, -5.794]
[31556.91791, 3.0, 4.458, -5.708, -5.717]
[31556.938, 3.0, 2.772, -6.958, -5.698]
[31556.95805, 3.0, 6.67, -5.267, -5.219]
[31556.97768, 3.0, 10.444, -3.898, -4.721]
[31556.99788, 3.0, 9.912, -5.55, -3.855]
[31557.01761, 3.0, 5.516, -8.021, -2.49]
[31557.03752, 3.0, 5.957, -7.25, -1.346]
[31557.05766, 3.0, 6.661, -6.536, -1.369]
[31557.07748, 3.0, 4.616, -7.858, -0.517]
[31557.09739, 3.0, 5.612, -7.762, 1.609]
[31557.11734, 3.0, 8.112, -5.186, -0.211]
[31557.13737, 3.0, 11.478, -4.448, -2.121]
[31557.15739, 3.0, 9.141, -8.442, 1.015]
[31557.17734, 3.0, 5.583, -9.749, 2.456]
[31557.19731, 3.0, 7.647, -7.867, 2.902]
[31557.2173, 3.0, 9.376, -5.219, 2.447]
[31557.23736, 3.0, 9.06, -4.08, 0.666]
[31557.25772, 3.0, 7.633, -4.334, 0.493]
[31557.27758, 3.0, 4.76, -5.08, 1.532]
[31557.29789, 3.0, 4.884, -4.808, 6.637]
[31557.31835, 3.0, 6.072, -3.079, 7.082]
[31557.33823, 3.0, 6.871, -1.963, 6.057]
[31557.35852, 3.0, 5.622, -1.168, 6.503]
[31557.37834, 3.0, 2.921, -1.269, 7.436]
[31557.39826, 3.0, 3.06, -0.91, 8.595]
[31557.41816, 3.0, 2.954, -0.206, 7.652]
[31557.43812, 3.0, 2.016, -2.509, 7.738]
[31557.45811, 3.0, 1.374, -0.498, 8.107]
[31557.49855, 3.0, 2.552, 0.618, 8.882]
[31557.51864, 3.0, 2.921, 0.67, 8.001]
[31557.53804, 3.0, 2.682, -0.469, 8.619]
[31557.55774, 3.0, 2.806, 0.551, 11.554]
[31557.5783, 3.0, 1.528, 0.503, 11.032]
[31557.59855, 3.0, 3.467, 1.848, 9.093]
[31557.61864, 3.0, 2.241, 1.379, 5.511]
[31557.63805, 3.0, 0.306, 0.713, 4.827]
[31557.65838, 3.0, 0.249, 1.786, 7.681]
[31557.67865, 3.0, 0.45, 2.093, 11.401]
[31557.69798, 3.0, 0.637, 2.342, 13.115]
[31557.71766, 3.0, 0.608, 2.107, 11.751]
[31557.73756, 3.0, 0.962, 2.246, 10.319]
[31557.75783, 3.0, 0.522, 2.586, 9.946]
[31557.77836, 3.0, 0.014, 2.6, 9.993]
[31557.79853, 3.0, -0.062, 2.476, 10.084]
[31557.81864, 3.0, 0.22, 2.054, 9.955]
[31557.83805, 3.0, 0.306, 1.302, 9.821]
[31557.85841, 3.0, 0.642, 1.36, 10.065]
[31557.87866, 3.0, 0.632, 1.561, 10.506]
[31557.898, 3.0, 0.244, 1.681, 10.534]
[31557.91848, 3.0, 0.172, 1.733, 9.778]
[31557.93829, 3.0, 0.029, 1.681, 9.261]
[31557.9582, 3.0, 0.321, 1.599, 9.084]
[31557.97861, 3.0, -0.421, 1.427, 9.634]
[31557.99796, 3.0, -0.306, 1.164, 10.276]
[31558.01801, 3.0, 0.115, 0.757, 10.089]
[31558.03775, 3.0, 0.704, 0.819, 9.577]
[31558.05874, 3.0, 0.733, 0.781, 8.897]
