[135204.90889, 3.0, 9.104, 10.165, -6.4, 4.0, 2.514, -1.845, 0.905, 5.0, 1.692, -8.296, -24.411]
[135205.26289, 3.0, 13.82, 4.451, 1.939, 4.0, 0.362, -0.57, 1.024, 5.0, -1.508, -12.421, -22.217]
[135205.3224, 3.0, 9.75, 4.628, 0.952, 4.0, 1.417, -0.362, 2.13, 5.0, -3.21, -14.139, -19.882]
[135205.61683, 3.0, 9.536, 3.796, 1.664, 4.0, 1.429, 0.753, 0.238, 5.0, -4.568, -19.534, -14.366]
[135205.67589, 3.0, 9.549, 2.817, 2.171, 4.0, 1.662, 0.588, 0.213, 5.0, -3.381, -20.572, -12.918]
[135206.02983, 3.0, 9.388, 3.8, 2.074, 4.0, 1.508, 0.836, 0.16]
[135206.08885, 3.0, 9.329, 6.046, 2.208, 4.0, 1.65, 1.07, 0.278, 5.0, -3.482, -25.928, 1.242]
[135206.67872, 3.0, 9.371, 5.121, 1.772, 4.0, 1.186, 0.335, 0.234, 5.0, -10.495, -17.725, 16.896]
[135206.73768, 3.0, 9.813, 3.996, 0.429, 4.0, 0.9, 0.304, 0.112, 5.0, -9.947, -16.911, 17.804]
[135207.20964, 3.0, 9.765, 4.157, 0.496, 4.0, 1.065, 0.664, 0.416, 5.0, -12.424, -10.875, 21.155]
[135207.91752, 3.0, 10.711, -9.348, 1.441, 4.0, -1.01, 1.971, 2.048, 5.0, -21.727, 12.459, 8.315]
[135207.97777, 3.0, 19.958, -7.76, 7.318, 4.0, -1.535, 2.196, 6.486]
[135208.15333, 3.0, 14.755, 3.917, 47.147, 4.0, 4.854, -5.597, 2.739, 5.0, 4.839, 27.301, -9.271]
