[124231.03937, 3.0, 11.263, -38.063, -5.855]
[124231.09869, 3.0, -8.861, -42.19, 28.324]
[124232.53391, 3.0, 53.29, -34.117, 6.126]
[124232.59293, 3.0, 34.748, -23.981, 42.188]
[124233.85159, 3.0, -12.752, -21.201, 35.069]
[124234.75742, 3.0, -16.319, -57.504, -3.247]
[124234.81454, 3.0, 46.126, -74.154, 43.392]
[124237.09637, 3.0, 58.315, -7.329, -1.483]
[124240.81317, 3.0, 19.104, -13.544, -37.167]
[124240.85247, 3.0, 19.568, -24.744, -38.079]
[124240.89178, 3.0, 7.056, -45.921, -43.939]
[124240.9508, 3.0, 56.099, -78.341, 19.301]
[124241.00939, 3.0, 78.235, 3.29, 76.807]
[124309.27389, 3.0, 35.579, -6.329, 29.035]
[124309.52914, 3.0, -33.529, -35.124, 27.719]
[124309.58853, 3.0, -21.756, -46.301, 4.429]
[124309.64746, 3.0, 32.169, -78.341, -0.636][]
[]
[]
[]
[]
[]
[]
[]
[]
