

















[320709.39417, 3.0, -12.498, -8.289, -6.35]







[320709.86613, 3.0, -2.19, 6.203, 0.535]
[320709.92509, 3.0, 1.531, 6.283, 1.197]
[320709.98414, 3.0, 6.268, 5.322, 0.411]
[320710.04301, 3.0, 9.879, 5.3, -0.947]




















[320711.28197, 3.0, -1.328, -1.437, 3.365]
[320711.34093, 3.0, -3.748, 1.998, -0.382]


















[320712.46181, 3.0, -11.356, 6.362, 14.96]
[320712.52077, 3.0, -12.235, 3.841, 9.741]









[320713.11076, 3.0, -0.753, 7.559, -3.728]



























[320716.1234, 3.0, -1.955, 0.337, 9.588]

[320716.25075, 3.0, 2.041, -0.101, 7.868]
[320716.27043, 3.0, 2.46, 0.682, 8.416]



[320716.34907, 3.0, 4.797, -1.886, 13.166]
[320716.36876, 3.0, 5.52, 0.062, 11.187]
[320716.38841, 3.0, 5.644, 0.746, 8.088]



[320716.46706, 3.0, 5.51, -0.79, 12.29]
[320716.48674, 3.0, 4.69, -0.529, 9.411]



[320716.56538, 3.0, 5.355, -0.761, 11.34]



[320716.64406, 3.0, 2.996, -1.39, 10.483]
[320716.66371, 3.0, 3.082, -1.039, 10.043]
[320716.68339, 3.0, 2.172, -1.029, 9.595]
[320716.70305, 3.0, 1.105, -1.304, 8.681]
[320716.7227, 3.0, 1.275, -1.278, 7.966]
[320716.74239, 3.0, 1.802, -0.536, 7.849]
[320716.76204, 3.0, 1.919, -0.668, 8.447]




[320716.86037, 3.0, 3.84, -1.115, 14.125]
[320716.88002, 3.0, 4.381, -1.644, 15.202]
[320716.8997, 3.0, 3.412, -1.663, 12.457]
[320716.91936, 3.0, 1.56, -1.792, 9.727]
[320716.93901, 3.0, 0.758, -1.819, 7.423]
[320716.95869, 3.0, 1.005, -1.721, 7.219]


[320717.01768, 3.0, 2.493, 0.354, 7.009]


[320717.07667, 3.0, 0.947, -1.577, 10.376]





[320717.19466, 3.0, 2.12, 0.316, 10.086]
[320717.21431, 3.0, 2.156, 1.287, 8.344]


[320717.2733, 3.0, 2.139, 1.66, 11.273]
[320717.29298, 3.0, 2.244, 2.005, 10.598]
[320717.31279, 3.0, 2.845, 3.261, 9.229]

[320717.37163, 3.0, -2.041, 0.737, 5.329]
[320717.39131, 3.0, 1.167, 1.538, 6.396]
[320717.41096, 3.0, 2.117, 2.73, 9.71]
[320717.43062, 3.0, 1.787, 3.993, 9.485]
[320717.4503, 3.0, 3.354, 2.125, 8.107]
[320717.46995, 3.0, 1.344, 1.218, 10.108]


[320717.56828, 3.0, 1.275, 3.292, 6.566]



[320717.64693, 3.0, 0.734, 3.85, 6.949]
[320717.66662, 3.0, 0.426, 3.508, 8.576]
[320717.68627, 3.0, 0.079, 3.285, 8.373]
[320717.70595, 3.0, -0.077, 3.479, 8.547]
[320717.72561, 3.0, 0.78, 3.845, 9.792]
[320717.74526, 3.0, 1.459, 4.08, 9.079]
[320717.76494, 3.0, 0.387, 3.735, 8.258]
[320717.7846, 3.0, -0.266, 3.015, 8.739]
[320717.80425, 3.0, -0.615, 3.003, 10.043]


[320717.86327, 3.0, 0.974, 4.005, 8.488]
[320717.88292, 3.0, 0.344, 3.675, 8.466]
[320717.90258, 3.0, 0.15, 3.474, 8.054]
[320717.92226, 3.0, 0.354, 3.661, 8.88]
[320717.94192, 3.0, 0.538, 3.489, 9.394]
[320717.96157, 3.0, 0.689, 3.548, 9.282]
[320717.98125, 3.0, 0.184, 3.127, 8.729]
[320718.00091, 3.0, 0.316, 3.556, 8.954]


[320718.0599, 3.0, 1.158, 3.63, 9.012]


[320718.11889, 3.0, 0.301, 3.469, 9.258]




[320718.21721, 3.0, -1.864, 1.943, 10.739]
[320718.2369, 3.0, 0.406, 3.51, 8.093]



[320718.31554, 3.0, -1.058, 3.103, 9.978]
[320718.3352, 3.0, 0.373, 4.632, 8.009]
[320718.35488, 3.0, 1.103, 4.908, 7.801]
[320718.37453, 3.0, 0.43, 4.247, 8.607]


[320718.43352, 3.0, 0.746, 4.116, 9.076]
[320718.45321, 3.0, 0.311, 3.268, 10.502]


[320718.5122, 3.0, 0.526, 3.754, 8.875]
[320718.53185, 3.0, 0.344, 3.642, 9.237]
[320718.55153, 3.0, 0.385, 3.852, 9.505]
[320718.57119, 3.0, -0.084, 3.725, 8.344]
[320718.59084, 3.0, -0.189, 3.721, 8.031]
[320718.61052, 3.0, -0.247, 3.917, 8.306]
[320718.63018, 3.0, -0.173, 3.862, 8.509]
[320718.64983, 3.0, 0.103, 3.826, 8.674]
[320718.66952, 3.0, 0.481, 3.886, 9.141]
[320718.68917, 3.0, 0.32, 3.73, 9.086]
[320718.70882, 3.0, 0.287, 3.639, 8.856]
[320718.72851, 3.0, 0.198, 3.623, 8.59]
[320718.74816, 3.0, 0.49, 3.565, 8.624]


[320718.80715, 3.0, 0.835, 3.697, 8.287]


[320718.86614, 3.0, 1.782, 3.635, 8.284]
[320718.88582, 3.0, 3.055, 3.62, 8.153]
[320718.90548, 3.0, 4.34, 3.778, 8.897]
[320718.92516, 3.0, 5.027, 3.166, 10.139]
[320718.94481, 3.0, 7.279, 3.613, 13.108]
[320718.96447, 3.0, 9.813, 4.214, 13.673]
[320718.98415, 3.0, 9.286, 3.292, 11.256]
[320719.0038, 3.0, 8.571, 2.699, 9.17]
[320719.02346, 3.0, 8.432, 1.94, 11.809]


[320719.08245, 3.0, 8.779, 1.079, 14.386]



[320719.16112, 3.0, 5.491, -5.329, 22.378]
[320719.18078, 3.0, 5.118, -6.908, 25.481]


[320719.23977, 3.0, 0.629, -8.935, 24.563]
[320719.25982, 3.0, -0.35, -7.98, 19.093]
[320719.2791, 3.0, -0.216, -6.272, 15.747]
[320719.29879, 3.0, 1.222, -3.903, 12.883]
[320719.31844, 3.0, 2.524, -2.903, 10.718]
[320719.33809, 3.0, 2.031, -2.898, 9.593]
[320719.35778, 3.0, 0.17, -2.711, 8.815]
[320719.37743, 3.0, -0.766, -2.52, 7.126]


[320719.43642, 3.0, 2.455, -1.177, 0.488]
[320719.45608, 3.0, 2.57, -0.299, 0.56]
[320719.49541, 3.0, -3.051, -2.324, 2.465]
[320719.5151, 3.0, -4.19, -2.895, -0.332]


[320719.57409, 3.0, -8.052, 0.163, 0.326]


[320719.63314, 3.0, -7.691, 2.553, -2.696]
[320719.65288, 3.0, -8.801, 3.256, -3.414]
[320719.67263, 3.0, -8.933, 5.645, -0.993]


[320719.73241, 3.0, -6.36, 2.974, -5.128]


[320719.79155, 3.0, -4.37, 3.199, -1.428]
[320719.81209, 3.0, -0.682, -1.654, -3.814]
[320719.83117, 3.0, 1.548, -0.366, -1.014]
[320719.85024, 3.0, 2.014, -0.716, -0.423]


[320719.91063, 3.0, 2.024, -0.483, 0.134]
[320719.92962, 3.0, 1.931, -0.381, 0.12]
[320719.9486, 3.0, 1.871, -0.259, 0.041]
[320719.96758, 3.0, 1.804, -0.144, -0.088]
[320719.9883, 3.0, 1.768, -0.043, -0.215]
[320720.00902, 3.0, 1.723, 0.057, -0.447]
[320720.02794, 3.0, 1.737, 0.131, -0.763]
[320720.04683, 3.0, 1.79, 0.242, -1.222]
[320720.06576, 3.0, 1.904, 0.356, -1.651]
[320720.08651, 3.0, 2.026, 0.426, -1.866]
[320720.10726, 3.0, 2.16, 0.541, -1.952]
[320720.1265, 3.0, 2.271, 0.598, -1.854]
[320720.14576, 3.0, 0.234, -2.225, 32.818]
[320720.16502, 3.0, 63.888, -72.199, -79.013]
[320720.18436, 3.0, 0.246, -3.163, 6.152]
[320720.20371, 3.0, 1.9, 0.385, 0.728]
[320720.22306, 3.0, 1.979, 0.335, -0.086]
[320720.2436, 3.0, 1.955, 0.27, -0.136]
[320720.26414, 3.0, 1.998, 0.218, -0.16]
[320720.28339, 3.0, 2.0, 0.158, -0.153]


[320720.34251, 3.0, 2.055, -0.122, -0.134]



[320720.42069, 3.0, 22.121, -1.261, 9.33]



[320720.49912, 3.0, 2.761, -0.476, 14.515]
[320720.51951, 3.0, 3.369, 0.007, 5.944]
[320720.53876, 3.0, 3.132, 0.833, 9.619]


[320722.60242, 3.0, 1.043, -10.182, 4.463]


[320722.66141, 3.0, -0.163, -4.116, 7.76]


[320722.72041, 3.0, 3.627, 2.141, 13.46]


[320722.7794, 3.0, 2.053, 1.988, 12.967]
[320722.79908, 3.0, 1.565, 0.34, 10.11]


[320722.85807, 3.0, 4.087, -1.754, 11.548]
[320722.87772, 3.0, 1.416, -2.532, 11.311]


[320722.93673, 3.0, 1.725, -3.084, 7.193]
[320722.95641, 3.0, 3.46, -3.649, 9.674]
[320722.97606, 3.0, -2.307, -7.626, 11.488]


[320723.03505, 3.0, 2.065, -3.147, 7.262]


[320723.09404, 3.0, 2.158, 0.423, 13.175]
[320723.1137, 3.0, -0.074, 1.818, 10.864]
[320723.13338, 3.0, 1.404, 4.221, 8.236]
[320723.15303, 3.0, 2.22, 6.346, 8.502]


[320723.21203, 3.0, 0.567, 3.737, 8.083]
[320723.23171, 3.0, -2.532, 2.536, 6.406]
[320723.27102, 3.0, -0.263, -1.902, 8.669]



[320724.33294, 3.0, 4.781, 1.005, 20.141]


[320724.39193, 3.0, -3.144, -6.501, 29.927]


[320724.45092, 3.0, -10.799, -5.425, 8.356]
[320724.47057, 3.0, -13.8, -6.334, 8.914]
[320724.49022, 3.0, -8.157, 2.977, 0.046]
[320724.50991, 3.0, -5.432, 3.283, 5.628]
[320724.52956, 3.0, -7.018, -0.302, 10.88]
[320724.54924, 3.0, -4.319, -1.345, 11.196]



[320724.62789, 3.0, 0.189, -5.841, 8.555]


[320724.68688, 3.0, 0.052, -5.362, 4.805]
[320724.70656, 3.0, 2.378, -2.898, 10.143]
[320724.72622, 3.0, 4.175, -1.34, 12.249]
[320724.74587, 3.0, 4.546, -0.763, 11.964]
[320724.76555, 3.0, 4.355, 0.218, 8.478]
[320724.78521, 3.0, 10.157, 2.709, 15.499]
[320724.80489, 3.0, 15.701, 4.242, 17.054]
[320724.82454, 3.0, 15.924, 5.908, 20.624]
[320724.8442, 3.0, 9.822, 5.235, 12.208]
[320724.86388, 3.0, 2.005, 2.029, 5.628]
[320724.88353, 3.0, 3.608, 4.479, 5.918]
[320724.90319, 3.0, 5.91, 4.343, 5.523]
[320724.92287, 3.0, 1.402, 3.826, 8.124]
[320724.94252, 3.0, 1.677, 3.864, 9.765]
[320724.96221, 3.0, 1.208, 4.857, 8.803]
[320724.98186, 3.0, 0.806, 5.587, 8.366]


[320725.04085, 3.0, 1.239, 4.594, 7.083]
[320725.06051, 3.0, 0.875, 4.735, 6.686]
[320725.08019, 3.0, 1.746, 5.427, 8.33]
[320725.09984, 3.0, 1.172, 4.618, 7.428]
[320725.1195, 3.0, 1.026, 4.881, 8.708]
[320725.13918, 3.0, 1.837, 4.998, 7.987]



[320725.21782, 3.0, 1.309, 5.18, 9.299]



[320725.2965, 3.0, 0.603, 5.135, 9.237]


[320725.35549, 3.0, 1.792, 5.228, 11.397]
[320725.37514, 3.0, 2.527, 5.776, 9.674]
[320725.39483, 3.0, 1.222, 5.214, 7.459]
[320725.41448, 3.0, 0.182, 4.625, 6.415]
[320725.43413, 3.0, 0.186, 4.776, 6.767]
[320725.45382, 3.0, 1.536, 5.185, 7.916]
[320725.47347, 3.0, 1.677, 5.326, 8.535]
[320725.49312, 3.0, 0.287, 3.627, 8.114]
[320725.51281, 3.0, -0.776, 3.673, 7.832]
[320725.53246, 3.0, -0.498, 4.108, 8.38]
[320725.55214, 3.0, -0.271, 4.106, 8.947]
[320725.5718, 3.0, -0.804, 3.797, 10.708]
[320725.59145, 3.0, -0.275, 3.338, 8.602]
[320725.61113, 3.0, -0.254, 3.379, 9.962]
[320725.63079, 3.0, -0.905, 3.821, 6.504]
[320725.65044, 3.0, 4.525, 5.956, 8.827]
[320725.67012, 3.0, -3.396, 2.589, 7.181]
[320725.68978, 3.0, -1.221, 2.754, 9.526]
[320725.70946, 3.0, -0.969, 2.524, 9.825]
[320725.72911, 3.0, -0.694, 1.436, 7.916]
[320725.74877, 3.0, 0.593, 2.175, 9.138]

[320725.92583, 3.0, -1.663, 3.213, 9.318]
[320725.94558, 3.0, -3.199, 1.608, 9.995]
[320725.96532, 3.0, -2.465, 0.988, 10.787]


[320726.04375, 3.0, -0.969, 2.977, 8.605]


[320726.10274, 3.0, -1.967, 3.245, 7.157]
[320726.1224, 3.0, -2.491, 2.826, 9.227]
[320726.14208, 3.0, -2.259, 2.493, 11.828]
[320726.16173, 3.0, -1.816, 2.089, 11.747]


[320726.22072, 3.0, -1.41, 3.343, 7.011]



[321135.81006, 3.0, -0.297, 0.364, 9.674]


[321135.8682, 3.0, -0.299, 0.364, 9.665]


[321135.92878, 3.0, -0.287, 0.359, 9.686]



[321136.00718, 3.0, -0.316, 0.354, 9.67]


[321136.06617, 3.0, -0.297, 0.368, 9.662]


[321136.12406, 3.0, -0.287, 0.356, 9.686]



[321136.20389, 3.0, -0.297, 0.371, 9.662]



[321136.28092, 3.0, -0.314, 0.373, 9.56]
[321136.30018, 3.0, -0.304, 0.354, 9.737]
[321136.32078, 3.0, -0.299, 0.378, 9.667]
[321136.34137, 3.0, -0.295, 0.368, 9.655]
[321136.36069, 3.0, -0.299, 0.359, 9.674]
[321136.38001, 3.0, -0.307, 0.366, 9.67]
[321136.39933, 3.0, -0.304, 0.376, 9.567]
[321136.41993, 3.0, -0.311, 0.364, 9.741]


[321136.47904, 3.0, -0.297, 0.364, 9.684]


[321136.53699, 3.0, -0.309, 0.364, 9.753]



[321136.61673, 3.0, -0.292, 0.371, 9.684]


[321136.6745, 3.0, -0.302, 0.378, 9.703]


[321136.73365, 3.0, -0.319, 0.359, 9.667]



[321136.81223, 3.0, -0.321, 0.371, 9.612]


[321136.87247, 3.0, -0.309, 0.368, 9.667]
[321136.89151, 3.0, -0.304, 0.368, 9.689]


[321136.952, 3.0, -0.304, 0.378, 9.658]


[321137.00886, 3.0, -0.309, 0.39, 9.775]


[321137.06913, 3.0, -0.015, 0.5, 9.66]
[321137.08814, 3.0, -0.409, -0.058, 9.696]
[321137.10715, 3.0, -0.369, -0.23, 9.672]
[321137.1279, 3.0, -0.235, 0.029, 9.751]


[321137.18656, 3.0, -0.153, -0.014, 9.751]



[321137.26587, 3.0, -0.096, 0.186, 9.694]



[321137.34495, 3.0, -0.153, 0.816, 9.727]
[321137.36396, 3.0, -0.122, 0.663, 9.658]







[321137.52121, 3.0, -2.192, 0.22, 9.488]


[321137.58051, 3.0, -1.331, -0.984, 9.672]


[321137.63846, 3.0, 2.866, 2.18, 9.562]


[321137.69901, 3.0, -0.534, 1.201, 9.837]




[321137.79514, 3.0, -0.237, 2.335, 9.816]
[321137.81437, 3.0, 1.033, 1.304, 10.033]
[321137.8349, 3.0, 0.466, 0.191, 9.725]




[321137.93396, 3.0, 0.06, -0.273, 9.83]


[321137.99268, 3.0, 0.005, -1.144, 9.725]


[321138.05311, 3.0, -1.477, -2.19, 9.014]


[321138.11014, 3.0, -0.074, -1.261, 9.964]


[321138.16718, 3.0, -1.249, -2.675, 9.318]


[321138.22928, 3.0, 0.852, -2.158, 9.67]


[321138.28779, 3.0, -0.053, -4.29, 11.39]


[321138.34824, 3.0, 1.845, -4.283, 15.525]



[321138.42533, 3.0, 2.077, -5.279, 15.762]


[321138.48447, 3.0, 3.082, -3.326, 16.032]
[321138.50492, 3.0, 1.215, -4.417, 15.056]
[321138.52408, 3.0, 0.155, -5.104, 14.663]
[321138.54325, 3.0, 0.619, -4.654, 14.872]
[321138.56241, 3.0, -0.972, -5.432, 13.871]
[321138.58304, 3.0, -1.838, -4.987, 15.453]
[321138.60367, 3.0, 0.146, -4.367, 17.611]


[321138.66144, 3.0, -1.58, -8.466, 5.47]
[321138.68079, 3.0, -2.91, -8.672, 1.948]
[321138.70014, 3.0, -3.915, -6.846, -3.154]



[321138.77976, 3.0, -1.405, 1.9, -9.36]
[321138.79886, 3.0, -0.603, 3.314, -7.753]
[321138.818, 3.0, 0.423, 2.933, -8.86]
[321138.83869, 3.0, 1.321, 2.804, -9.841]
[321138.85938, 3.0, 1.871, 3.099, -10.21]


[321138.9163, 3.0, -2.084, 1.342, -13.68]
[321138.93702, 3.0, -1.946, 0.586, -13.687]
[321138.95774, 3.0, -1.072, 1.443, -12.794]
[321138.97672, 3.0, -0.536, 1.656, -12.263]
[321138.9957, 3.0, -0.29, 1.72, -11.524]
[321139.01468, 3.0, -0.151, 2.115, -9.305]
[321139.03541, 3.0, -1.335, 2.421, -7.315]
[321139.05613, 3.0, -2.092, 1.692, -6.173]
[321139.07505, 3.0, -2.144, -0.122, -4.517]


[321139.13364, 3.0, -5.308, -6.126, 2.441]


[321139.1923, 3.0, 0.007, -7.509, 37.869]
[321139.21125, 3.0, -4.152, -0.627, 23.598]
[321139.23197, 3.0, -4.197, -5.152, 12.878]
[321139.25269, 3.0, 3.362, 0.615, 33.792]
[321139.27164, 3.0, 3.237, 2.68, 26.149]
[321139.29056, 3.0, 0.462, -0.23, 14.793]
[321139.30951, 3.0, -3.101, -1.421, 5.035]
[321139.33014, 3.0, -0.185, -1.278, 4.513]
[321139.35077, 3.0, 3.859, -1.091, 8.693]




[321139.44935, 3.0, -1.213, -1.902, 8.502]


[321139.50626, 3.0, -1.072, -3.857, 9.146]


[321139.56696, 3.0, 0.201, -2.541, 9.698]



[321139.64417, 3.0, 0.907, -2.343, 10.031]
[321139.66352, 3.0, 0.852, -3.161, 9.16]
[321139.68409, 3.0, -0.115, -3.441, 8.732]
[321139.70466, 3.0, -1.367, -3.494, 8.808]
[321139.72373, 3.0, -1.134, -2.395, 9.385]
[321139.7428, 3.0, -0.211, -2.424, 10.041]
[321139.76188, 3.0, 0.117, -1.273, 9.739]
[321139.78241, 3.0, 0.265, -2.084, 9.375]
[321139.80295, 3.0, -0.206, -3.178, 9.064]
[321139.82203, 3.0, -1.094, -3.759, 8.686]
[321139.8411, 3.0, -1.103, -4.022, 8.787]


[321139.90131, 3.0, -0.52, -2.173, 9.447]
[321139.92038, 3.0, 0.335, -2.417, 9.402]
[321139.93946, 3.0, 0.54, -2.857, 9.339]


[321139.99997, 3.0, -0.23, -1.436, 9.739]


[321140.05689, 3.0, -0.242, -1.606, 9.16]


[321140.13617, 3.0, -0.06, -1.716, 9.569]
[321140.15503, 3.0, -0.137, -1.575, 9.581]
[321140.17585, 3.0, -0.137, -1.534, 9.502]
[321140.19666, 3.0, -0.005, -1.522, 9.722]
[321140.21592, 3.0, -0.031, -1.546, 9.629]
[321140.23517, 3.0, -0.067, -1.527, 9.449]
[321140.25443, 3.0, -0.553, -1.13, 9.507]
[321140.27378, 3.0, -0.371, -1.658, 9.418]
[321140.29313, 3.0, -0.005, -1.587, 9.476]
[321140.31247, 3.0, -0.476, -1.333, 9.555]
[321140.33298, 3.0, -0.878, -0.929, 9.359]



[321140.41089, 3.0, -0.833, -1.347, 9.538]


[321140.47147, 3.0, 2.981, -0.443, 9.411]


[321140.52933, 3.0, 1.778, -1.256, 9.301]
[321140.54868, 3.0, 0.95, -1.563, 9.421]
[321140.56806, 3.0, 0.447, -0.668, 9.753]
[321140.58848, 3.0, 0.1, -1.486, 9.634]
[321140.60889, 3.0, 0.222, -1.565, 9.662]
[321140.62815, 3.0, -0.106, -0.73, 9.572]
[321140.6474, 3.0, 0.383, -0.562, 9.545]
[321140.66666, 3.0, 1.502, -0.467, 9.82]
[321140.68726, 3.0, 0.753, -1.094, 9.694]
[321140.70786, 3.0, 0.832, -1.012, 9.808]


[321140.76496, 3.0, 0.323, -1.328, 9.382]
[321140.78571, 3.0, 0.103, -2.077, 9.28]
[321140.80646, 3.0, 0.076, -2.235, 9.289]
[321140.82572, 3.0, 0.292, -2.276, 9.347]
[321140.84495, 3.0, 0.284, -1.919, 9.595]
[321140.8642, 3.0, 0.237, -1.924, 9.337]
[321140.88355, 3.0, 0.028, -1.972, 9.454]
[321140.90287, 3.0, -0.699, -3.151, 9.083]
[321140.92222, 3.0, -0.704, -3.51, 8.813]
[321140.94281, 3.0, -0.146, -2.513, 9.392]
[321140.96341, 3.0, 0.05, -1.515, 9.789]
[321140.98243, 3.0, -0.486, -1.685, 9.473]
[321141.00141, 3.0, -0.642, -2.285, 9.215]
[321141.02042, 3.0, -0.792, -2.013, 9.347]
[321141.04111, 3.0, -0.613, -1.8, 9.505]


[321141.09977, 3.0, 1.277, 0.041, 9.83]


[321141.16019, 3.0, 0.402, -1.266, 9.464]
[321141.17945, 3.0, 0.217, -0.773, 9.631]
[321141.19867, 3.0, 1.22, -0.158, 9.641]
[321141.21793, 3.0, 1.615, -0.445, 9.588]
[321141.23728, 3.0, 1.684, -0.527, 9.6]
[321141.25663, 3.0, 1.323, -0.826, 9.667]
[321141.27598, 3.0, 0.339, -0.5, 9.729]
[321141.29651, 3.0, 0.395, -0.622, 9.67]
[321141.31705, 3.0, 1.414, -1.232, 9.658]
[321141.33646, 3.0, 0.909, -1.371, 8.433]
[321141.35587, 3.0, 0.05, -1.905, 9.883]
[321141.37528, 3.0, -1.192, -1.924, 9.595]


[321141.43351, 3.0, 0.619, -2.919, 9.316]


[321141.4939, 3.0, 4.443, -2.479, 10.679]




[321141.59046, 3.0, 0.73, 0.6, 8.516]


[321141.65082, 3.0, -2.209, -1.347, 15.518]


[321141.70987, 3.0, 3.455, 0.514, 5.183]


[321141.76914, 3.0, -0.156, -3.388, 7.578]


[321141.82712, 3.0, -3.278, -5.719, 11.378]



[321141.90714, 3.0, -2.86, -6.083, 10.577]


[321141.965, 3.0, -2.448, -10.088, 14.759]


[321142.02427, 3.0, 7.449, -16.2, 28.279]
[321142.04484, 3.0, 8.918, -17.193, 27.915]
[321142.06388, 3.0, 10.842, -16.989, 31.629]
[321142.08292, 3.0, 8.427, -20.509, 33.682]
[321142.10196, 3.0, 4.95, -24.78, 29.989]



[321142.18186, 3.0, -13.077, -28.377, 24.271]


[321142.23981, 3.0, -15.039, -18.724, 3.233]


[321142.3003, 3.0, -15.408, -13.479, 11.615]



[321142.37827, 3.0, -9.165, -16.003, 10.048]



[321142.4567, 3.0, -2.271, -30.064, -13.677]
[321142.47605, 3.0, -12.323, -37.79, -13.275]


[321142.53516, 3.0, 0.194, -29.571, -32.767]


[321142.59412, 3.0, -1.324, -19.521, -8.288]


[321142.65464, 3.0, 5.664, -16.025, -6.69]


[321142.7121, 3.0, 6.774, -14.127, 4.616]



[321142.79108, 3.0, -8.299, -30.719, 7.435]


[321142.84995, 3.0, 2.675, -19.727, 5.492]
[321142.86915, 3.0, 0.651, -19.952, 2.398]
[321142.88984, 3.0, 0.765, -19.813, 3.209]
[321142.91053, 3.0, 50.026, -78.341, 42.277]
[321142.92978, 3.0, -9.067, -9.425, 7.229]
[321142.94904, 3.0, 0.785, -3.472, -0.433]
[321142.9683, 3.0, 0.828, -3.405, -0.196]


[321143.02631, 3.0, 1.041, -3.262, -0.052]

[321143.06751, 3.0, 1.232, -3.156, -0.069]



[321143.1446, 3.0, 6.228, -6.722, 9.863]


[321143.20374, 3.0, 0.44, -3.731, 0.24]


[321143.28205, 3.0, 2.993, -16.319, 0.46]


[321143.34247, 3.0, 0.423, -5.532, 0.728]


[321143.39997, 3.0, 0.057, -9.763, 2.072]
[321143.41913, 3.0, -0.06, -7.906, 2.331]
[321143.4383, 3.0, -0.084, -8.064, 2.771]
[321143.45899, 3.0, -0.369, -8.409, 3.154]
[321143.47968, 3.0, -0.345, -7.456, 4.492]


[321143.53763, 3.0, 2.299, -3.611, 14.888]


[321143.59784, 3.0, 5.223, -0.488, 8.674]
[321143.61686, 3.0, 1.727, -2.8, 12.919]
[321143.63587, 3.0, 0.667, -3.329, 8.306]
[321143.65662, 3.0, 0.751, -3.501, 7.014]
[321143.67737, 3.0, 0.825, -3.903, 7.995]
[321143.69632, 3.0, 1.139, -3.869, 8.229]
[321143.71525, 3.0, 1.653, -3.869, 10.081]
[321143.7342, 3.0, 1.809, -3.609, 8.868]
[321143.75498, 3.0, 1.768, -3.829, 9.538]
[321143.77576, 3.0, 1.203, -3.096, 9.473]

[321143.81431, 3.0, 0.768, -2.63, 8.928]



[321143.89151, 3.0, 0.998, -2.687, 9.323]



[321143.97062, 3.0, 0.923, -2.702, 9.191]


[321144.03092, 3.0, 0.909, -2.728, 9.196]



[321144.10791, 3.0, 0.454, -2.197, 9.997]


[321144.16704, 3.0, 1.012, -3.714, 9.557]
[321144.18764, 3.0, 0.761, -2.716, 9.406]
[321144.20693, 3.0, 0.462, -2.314, 8.921]
[321144.22622, 3.0, 0.555, -2.599, 9.26]
[321144.2455, 3.0, 0.344, -2.415, 9.557]


[321144.30571, 3.0, 0.564, -2.577, 9.174]


[321144.36443, 3.0, 0.385, -2.651, 9.428]
[321144.38503, 3.0, 0.153, -2.039, 10.163]
[321144.40429, 3.0, 0.478, -2.778, 9.55]
[321144.42354, 3.0, 0.28, -2.515, 9.059]
[321144.4428, 3.0, 0.299, -2.491, 9.409]







[321259.76544, 3.0, -0.252, 0.39, 9.689]


[321259.82614, 3.0, -0.261, 0.397, 9.617]
[321259.84539, 3.0, -0.232, 0.414, 9.694]
[321259.86703, 3.0, -0.232, 0.414, 9.694]
[321259.88629, 3.0, -0.232, 0.414, 9.694]
[321259.90545, 3.0, -0.25, 0.409, 9.659]
[321259.92462, 3.0, -0.268, 0.404, 9.624]
[321259.94378, 3.0, -0.259, 0.414, 9.677]
[321259.96368, 3.0, -0.256, 0.387, 9.624]
[321259.98358, 3.0, -0.23, 0.411, 9.686]
[321260.00326, 3.0, -0.273, 0.409, 9.65]
[321260.02294, 3.0, -0.261, 0.399, 9.631]
[321260.0426, 3.0, -0.254, 0.399, 9.67]


[321260.10156, 3.0, -0.263, 0.407, 9.662]
[321260.12124, 3.0, -0.254, 0.385, 9.653]
[321260.14092, 3.0, -0.256, 0.409, 9.658]
[321260.16058, 3.0, -0.266, 0.409, 9.653]
[321260.18023, 3.0, -0.259, 0.402, 9.648]
[321260.19988, 3.0, -0.256, 0.397, 9.658]
[321260.21954, 3.0, -0.249, 0.378, 9.655]
[321260.23922, 3.0, -0.263, 0.407, 9.658]
[321260.2589, 3.0, -0.249, 0.387, 9.648]
[321260.27856, 3.0, -0.249, 0.392, 9.655]
[321260.29821, 3.0, -0.249, 0.395, 9.653]


[321260.358, 3.0, -0.261, 0.399, 9.655]



[321260.43627, 3.0, -0.247, 0.376, 9.658]


[321260.49651, 3.0, -0.249, 0.411, 9.67]
[321260.51544, 3.0, -0.256, 0.383, 9.653]
[321260.53436, 3.0, -0.261, 0.397, 9.65]
[321260.55517, 3.0, -0.261, 0.399, 9.65]
[321260.57598, 3.0, -0.259, 0.402, 9.66]


[321260.6329, 3.0, -0.259, 0.409, 9.662]


[321260.69335, 3.0, -0.247, 0.395, 9.672]



[321260.77062, 3.0, -0.263, 0.399, 9.65]


[321260.8312, 3.0, -0.247, 0.38, 9.658]


[321260.88897, 3.0, -0.242, 0.39, 9.667]


[321260.94674, 3.0, -0.242, 0.411, 9.653]


[321261.00717, 3.0, -0.261, 0.392, 9.65]
[321261.02648, 3.0, -0.235, 0.397, 9.667]

[321261.06643, 3.0, -0.232, 0.411, 9.703]


[321261.12505, 3.0, -0.249, 0.395, 9.646]


[321261.18551, 3.0, -0.094, -1.606, 9.521]
[321261.20446, 3.0, 0.505, -0.003, 10.244]


[321261.26302, 3.0, 0.1, -0.637, 9.641]
[321261.28369, 3.0, -0.103, -0.294, 9.739]


[321261.34054, 3.0, -0.496, 0.818, 10.521]





[321261.4598, 3.0, -1.225, -0.156, 9.603]


[321261.51895, 3.0, -0.522, 0.691, 9.658]

[321261.55749, 3.0, -0.39, 1.467, 9.495]



[321261.63738, 3.0, 0.337, 1.227, 8.332]

[321261.6759, 3.0, -0.273, 0.361, 8.629]



[321261.75292, 3.0, 0.61, 0.462, 10.325]


[321261.81335, 3.0, -0.204, -0.653, 10.105]
[321261.8327, 3.0, 0.225, -0.309, 9.832]
[321261.85204, 3.0, 0.139, -0.577, 11.079]


[321261.9125, 3.0, -2.824, 0.122, 8.033]


[321261.97042, 3.0, 0.978, -1.438, 15.862]



[321262.05038, 3.0, 0.052, -0.943, 9.828]



[321262.1274, 3.0, 0.318, 0.651, 9.593]


[321262.18655, 3.0, -0.084, 0.512, 9.61]


[321262.24578, 3.0, -0.158, -1.209, 10.536]


[321262.30636, 3.0, 0.153, -0.194, 9.849]


[321262.36413, 3.0, -0.709, 0.115, 10.055]


[321262.42217, 3.0, 1.431, -0.048, 9.564]


[321262.48223, 3.0, 0.753, -1.22, 11.529]
[321262.5014, 3.0, 1.007, -0.955, 10.033]



[321262.5809, 3.0, 0.385, -2.223, 8.882]



[321262.66046, 3.0, 2.4, -2.032, 9.22]


[321262.71728, 3.0, 2.84, -1.024, 9.107]
[321262.73806, 3.0, 2.134, -1.072, 9.442]
[321262.75884, 3.0, 1.23, -1.266, 9.78]


[321262.8153, 3.0, 0.167, -0.101, 8.839]






[321262.95336, 3.0, -0.086, 0.134, 8.906]



[321263.03317, 3.0, 0.588, 0.871, 8.579]

[321263.07165, 3.0, -0.381, 0.615, 7.834]


[321263.12942, 3.0, 1.526, 1.419, 9.39]


[321263.19, 3.0, 3.342, 0.096, 8.423]


[321263.24908, 3.0, 6.025, 0.486, 12.117]



[321263.32687, 3.0, 6.025, -0.378, 9.598]


[321263.38708, 3.0, 1.821, -2.316, 10.021]


[321263.4457, 3.0, -2.513, -2.589, 18.741]


[321263.50491, 3.0, -2.608, -4.774, 6.322]


[321263.56283, 3.0, 2.06, -2.388, 24.565]


[321263.62338, 3.0, -3.75, -4.326, 16.248]


[321263.68078, 3.0, -4.831, -3.044, 10.72]


[321263.74093, 3.0, 0.385, -4.255, 13.591]
[321263.76003, 3.0, -2.79, -4.499, 11.558]
[321263.77917, 3.0, -4.291, -4.814, 7.961]



[321263.85894, 3.0, 2.359, -2.749, 10.486]


[321263.91686, 3.0, -2.623, -2.587, 4.35]

[321263.95675, 3.0, -1.225, -0.893, 3.415]


[321264.01547, 3.0, -1.211, 1.419, 2.979]


[321264.07589, 3.0, -0.508, 3.649, 5.42]


[321264.13311, 3.0, 0.423, 4.393, 3.25]




[321264.23144, 3.0, 0.634, 5.817, 4.269]

[321264.27288, 3.0, -1.142, 4.283, 3.365]

[321264.31078, 3.0, 4.771, 6.48, 4.372]


[321264.76446, 3.0, 1.21, 0.682, -6.267]


[321264.98037, 3.0, -1.024, -9.796, 11.637]


[321265.03814, 3.0, 3.661, 3.501, 22.392]


[321265.09734, 3.0, -0.756, -2.52, 6.949]




[321265.19604, 3.0, 0.026, -1.173, 8.811]


[321265.25454, 3.0, 0.629, -0.95, 9.387]


[321265.31494, 3.0, 0.61, -1.024, 9.569]


[321265.37203, 3.0, 0.545, -1.031, 9.624]


[321265.43243, 3.0, 0.531, -1.008, 9.555]


[321265.49001, 3.0, 0.548, -0.986, 9.543]



[321265.5696, 3.0, 0.557, -0.976, 9.567]


[321265.62762, 3.0, 0.574, -1.022, 9.56]


[321265.68792, 3.0, 0.548, -1.019, 9.593]


[321265.74557, 3.0, 0.56, -1.015, 9.591]


[321265.80462, 3.0, 0.564, -0.991, 9.557]


[321265.86392, 3.0, 0.758, -1.247, 9.347]


[321265.9244, 3.0, 0.787, -1.151, 10.38]


[321265.98153, 3.0, 0.426, -0.919, 9.567]


[321266.04174, 3.0, 0.459, -0.964, 9.653]
[321266.06082, 3.0, 0.397, -0.964, 9.562]
[321266.07989, 3.0, 0.5, -0.919, 9.643]
[321266.10058, 3.0, 0.435, -0.967, 9.481]
[321266.12127, 3.0, 0.531, -0.955, 9.682]
[321266.14025, 3.0, 0.512, -1.008, 9.572]
[321266.15923, 3.0, 0.459, -1.024, 9.598]
[321266.17822, 3.0, 0.423, -1.017, 9.528]
[321266.19891, 3.0, 0.385, -1.043, 9.703]



[321266.27725, 3.0, 0.318, -0.957, 9.526]


[321266.33526, 3.0, 0.373, -1.053, 9.603]


[321266.39559, 3.0, 0.318, -0.907, 9.543]


[321266.45467, 3.0, 0.356, -0.919, 9.631]

[321266.49453, 3.0, 0.265, -0.866, 9.593]



[321266.57171, 3.0, 0.055, -0.993, 9.923]



[321377.01705, 3.0, -0.26, 0.398, 9.829]













[321377.8764, 3.0, -0.286, 0.408, 9.64]




























































[321381.47562, 3.0, 6.287, 1.224, 2.664]

















[321382.5376, 3.0, -2.155, 1.695, 11.518]








[321383.06842, 3.0, 5.352, -1.134, 10.939]











[321619.66463, 3.0, -0.254, 0.361, 9.567]


[321619.78176, 3.0, -0.283, 0.38, 9.624]





















[321621.12135, 3.0, -0.285, 0.416, 9.65]


[321621.23934, 3.0, -0.285, 0.399, 9.631]

[321621.31801, 3.0, -0.292, 0.407, 9.655]



[321621.47533, 3.0, -0.287, 0.411, 9.653]

[321621.55397, 3.0, -0.28, 0.407, 9.653]




[321621.75063, 3.0, -0.297, 0.411, 9.646]

[321621.8293, 3.0, -0.275, 0.416, 9.648]








[321622.18326, 3.0, -0.287, 0.411, 9.643]


[321622.30124, 3.0, -0.29, 0.409, 9.653]




[321622.49789, 3.0, -0.295, 0.402, 9.639]




[321622.69455, 3.0, -0.287, 0.414, 9.641]





[321622.93051, 3.0, -0.283, 0.411, 9.65]


[321623.04852, 3.0, -0.268, 0.404, 9.694]

[321623.12717, 3.0, -0.278, 0.407, 9.658]


[321623.24515, 3.0, -0.295, 0.407, 9.662]

[321623.32382, 3.0, -0.278, 0.397, 9.624]


[321623.4418, 3.0, -0.285, 0.414, 9.653]

[321623.52045, 3.0, -0.228, 0.378, 10.268]




[321640.71503, 3.0, -0.267, 0.432, 9.664]


















[321641.83597, 3.0, -0.113, 0.356, 9.693]










[321642.4848, 3.0, -0.528, 0.034, 9.69]

[321642.60278, 3.0, 0.223, 0.383, 9.698]













[321643.42852, 3.0, -0.473, 0.879, 9.603]



[321643.66491, 3.0, -0.288, 0.378, 9.76]

















[321644.72638, 3.0, -0.296, 0.381, 9.66]






[321645.23791, 3.0, -0.302, 0.373, 9.66]

[321645.31655, 3.0, -0.304, 0.356, 9.636]









[321645.70987, 3.0, -0.316, 0.354, 9.65]

[321645.78854, 3.0, -0.295, 0.38, 9.646]


[321645.90652, 3.0, -0.321, 0.354, 9.624]



[321646.06384, 3.0, -0.304, 0.359, 9.648]

[321646.14248, 3.0, -0.304, 0.359, 9.631]


[321646.26049, 3.0, -0.304, 0.366, 9.641]



[321646.41778, 3.0, -0.316, 0.368, 9.629]


[321646.53579, 3.0, -0.302, 0.354, 9.641]



[321646.69311, 3.0, -0.319, 0.34, 9.639]


[321646.81109, 3.0, -0.307, 0.361, 9.646]


[321646.92907, 3.0, -0.311, 0.364, 9.627]

[321647.00775, 3.0, -0.297, 0.38, 9.636]


[321647.12573, 3.0, -0.314, 0.366, 9.636]



[321647.28305, 3.0, -0.297, 0.373, 9.648]



[321647.44036, 3.0, -0.302, 0.371, 9.643]

[321647.51913, 3.0, -0.307, 0.366, 9.646]

[321647.59768, 3.0, -0.299, 0.366, 9.653]


[321647.71569, 3.0, -0.321, 0.368, 9.667]






[321647.99099, 3.0, -0.297, 0.378, 9.643]

[321648.06964, 3.0, -0.304, 0.364, 9.65]



[321648.22696, 3.0, -0.302, 0.368, 9.646]


[321648.34497, 3.0, -0.33, 0.368, 9.66]




[321648.54159, 3.0, -0.307, 0.356, 9.643]




[321648.73825, 3.0, -0.333, 0.359, 9.66]


[321648.85623, 3.0, -0.333, 0.366, 9.67]


[321648.97424, 3.0, -0.302, 0.366, 9.643]

[321649.05288, 3.0, -0.302, 0.366, 9.646]



[321649.2102, 3.0, -0.307, 0.364, 9.636]


[321649.32821, 3.0, -0.326, 0.359, 9.67]


[321649.44619, 3.0, -0.299, 0.368, 9.646]

[321649.52484, 3.0, -0.311, 0.349, 9.643]

[321649.60351, 3.0, -0.304, 0.364, 9.643]


[321649.72149, 3.0, -0.299, 0.368, 9.643]


[321649.83947, 3.0, -0.29, 0.385, 9.639]


[321649.95748, 3.0, -0.299, 0.366, 9.643]



[321650.15411, 3.0, -0.304, 0.359, 9.636]


[321650.27212, 3.0, -0.323, 0.344, 9.662]
[321650.31143, 3.0, -0.311, 0.344, 9.643]








[321650.6654, 3.0, -0.304, 0.368, 9.646]


[321650.78338, 3.0, -0.299, 0.354, 9.655]


[321650.90139, 3.0, -0.302, 0.364, 9.634]


[321651.01937, 3.0, -0.321, 0.359, 9.653]


[321651.13736, 3.0, -0.309, 0.356, 9.65]


[321651.25537, 3.0, -0.335, 0.359, 9.66]


[321651.37335, 3.0, -0.309, 0.354, 9.646]


[321651.49133, 3.0, -0.338, 0.349, 9.627]


[321651.60931, 3.0, -0.321, 0.344, 9.643]



[321651.76666, 3.0, -0.314, 0.352, 9.653]


[321651.88464, 3.0, -0.383, 0.364, 7.794]


[321652.10215, 3.0, 0.047, 1.129, 9.594]


[321652.27894, 3.0, 1.12, 0.207, 9.629]


[321652.4564, 3.0, 0.939, 0.134, 9.7]


[321652.63264, 3.0, 0.078, -1.727, 10.035]


[321652.80964, 3.0, 7.065, -5.544, 21.733]


[321652.98668, 3.0, -5.882, -19.617, 10.794]

[321653.1046, 3.0, -4.724, -21.996, -14.791]




















[322136.74886, 3.0, -0.236, 0.432, 9.648]


[322136.92583, 3.0, -0.244, 0.423, 9.658]


[322137.10284, 3.0, -0.225, 0.421, 9.653]


[322137.27984, 3.0, -0.223, 0.423, 9.658]








[322137.87048, 3.0, -0.295, -0.366, 9.461]
[322137.90982, 3.0, -0.146, 0.634, 9.682]
[322137.94916, 3.0, -0.307, 0.11, 9.579]







[322138.26379, 3.0, 0.095, -0.007, 9.801]



[322138.42111, 3.0, -0.084, 0.285, 9.761]

[322138.49976, 3.0, -0.072, 0.309, 9.667]

























[322140.07471, 3.0, -1.198, -11.492, 6.206]









[322140.66452, 3.0, 2.194, -4.374, 6.584]


[322140.84106, 3.0, -1.13, -2.879, 8.835]


[322141.01831, 3.0, -0.861, -0.869, 9.772]














































[322465.80535, 3.0, 0.864, 1.067, 10.041]


















