[135129.24705, 3.0, 9.304, -1.625, 16.152, 4.0, -0.37, -2.348, 1.913, 5.0, 10.399, -7.225, -22.778]
[135129.30555, 3.0, 31.666, -2.674, 10.011, 4.0, 2.171, -3.643, 1.761, 5.0, 3.177, -12.611, -18.742]
[135129.3646, 3.0, 14.234, -10.744, 21.197, 4.0, 5.77, -6.728, 0.756, 5.0, -2.272, -22.395, -8.527]
[135129.48307, 3.0, 42.943, -26.021, -8.35, 4.0, 3.896, 2.805, -12.032, 5.0, 11.174, -23.251, -6.743]
[135129.54175, 3.0, 53.065, -9.034, -32.245, 4.0, 2.352, 1.49, 9.772, 5.0, 17.25, -21.144, 6.882]
[135129.7186, 3.0, 77.948, -12.584, -15.368, 4.0, 2.965, 4.798, -2.703, 5.0, 18.486, -14.27, 12.456]
[135129.77762, 3.0, 14.786, -33.903, -0.328, 4.0, -1.295, -6.931, 18.203, 5.0, -3.645, -22.179, 14.07]
[135129.89664, 3.0, 64.37, -20.97, -0.017, 4.0, -3.205, 3.28, -13.102, 5.0, 18.509, -18.048, 10.69]
[135129.9546, 3.0, 42.946, -21.687, -30.988, 4.0, -0.513, -2.508, 16.887]
[135130.07267, 3.0, 33.962, -41.772, 3.656, 4.0, -5.236, 1.364, -15.937, 5.0, 18.936, -18.958, 7.065]
[135130.1316, 3.0, 63.217, -13.714, -43.433, 4.0, 0.248, 1.299, 10.806, 5.0, 14.357, -19.629, 10.651]
[135130.30845, 3.0, 27.642, -17.437, 39.196, 4.0, 0.491, 3.701, -3.861, 5.0, 16.377, -18.784, 11.147]
[135130.3671, 3.0, 9.309, -11.376, 1.423, 4.0, -10.973, 2.151, 13.572, 5.0, 3.156, -23.329, -10.635]
[135131.60624, 3.0, 19.595, -31.03, 17.916, 4.0, -12.99, -6.517, 5.806, 5.0, 9.366, -10.616, 22.551]
[135131.66575, 3.0, 28.238, -23.652, 23.337, 4.0, -12.54, -8.525, 7.309, 5.0, 2.074, -26.321, 2.397]
[135131.72477, 3.0, 22.128, -12.014, 8.047, 4.0, -6.846, -8.054, 10.253, 5.0, -14.287, -19.24, -8.044]
[135131.78336, 3.0, 25.564, -19.764, 32.203, 4.0, -7.26, 2.128, 1.943, 5.0, -12.781, -11.905, -14.236]
[135131.90171, 3.0, 11.507, -50.832, 38.852, 4.0, -3.243, -4.905, -10.226]
[135132.25532, 3.0, 18.385, -19.864, 44.456, 4.0, -18.168, -1.995, -3.74, 5.0, 8.647, -15.775, 19.388]
[135132.31379, 3.0, 20.17, -13.872, 17.456, 4.0, -11.821, -5.546, 8.073, 5.0, -0.197, -25.183, 3.459]
[135132.43232, 3.0, 10.826, -11.617, 34.656, 4.0, -9.092, 0.762, -1.113, 5.0, -3.664, -21.675, -9.908]
[135132.96366, 3.0, 19.067, -22.769, 17.807, 4.0, -19.892, 3.808, -8.545, 5.0, 12.804, -2.972, 23.128]
[135133.02262, 3.0, 67.013, -14.835, 37.219, 4.0, -7.353, -9.448, 0.112, 5.0, 18.179, -16.817, 8.82]
[135133.08121, 3.0, 9.069, -24.053, 30.176, 4.0, -10.732, -13.201, 4.255, 5.0, 7.358, -17.972, -16.145]
[135133.31681, 3.0, 41.5, -30.78, -21.771, 4.0, 8.228, 5.087, 0.745]
[135133.37656, 3.0, 45.737, -19.589, -22.693, 4.0, 3.982, -0.075, 8.869, 5.0, 5.688, -22.711, -4.619]
[135133.61213, 3.0, 55.881, -33.253, -28.229, 4.0, 6.248, 1.537, 9.134, 5.0, 18.208, -17.68, -5.316]
[135133.67115, 3.0, 27.46, -30.302, -33.6, 4.0, 5.619, -6.847, 19.304, 5.0, -12.929, -18.987, 6.471]
[135133.73011, 3.0, 20.614, -35.686, 25.155, 4.0, 2.785, -0.393, -0.627, 5.0, -5.376, -23.105, 1.303]
[135133.90708, 3.0, 57.786, -18.632, -19.453, 4.0, -1.306, -0.39, 10.62, 5.0, 27.396, 2.509, 5.075]
[135133.9661, 3.0, 38.67, -27.17, -20.064, 4.0, 1.054, -10.478, 19.974, 5.0, 4.048, -24.142, -4.395]
[135134.14304, 3.0, 23.584, 9.135, 4.186, 4.0, -0.51, 3.859, -6.816, 5.0, 24.196, -6.795, 6.276]
[135134.20197, 3.0, 27.295, 5.223, -30.2, 4.0, 0.251, -1.842, 10.508, 5.0, 14.674, -20.5, 5.849]
[135134.49705, 3.0, 9.296, 11.477, -1.331, 4.0, 4.358, 0.665, -0.653, 5.0, 14.435, -21.861, 1.064]
[135134.67399, 3.0, 12.032, 2.709, 6.222, 4.0, -0.983, -1.555, -1.036, 5.0, 17.136, -17.831, 7.509]
[135134.91035, 3.0, 10.505, 18.604, -12.293, 4.0, 5.139, 2.304, -1.691, 5.0, 16.73, -17.569, -7.954]
[135134.969, 3.0, 12.88, 16.257, -17.784, 4.0, 1.754, 2.148, -0.042, 5.0, 15.335, -19.835, -3.667]
[135135.14594, 3.0, 16.198, -12.231, 39.085, 4.0, -6.034, -0.777, 1.663, 5.0, 14.819, -13.312, -11.899]
[135135.49995, 3.0, 12.023, -11.381, 65.8, 4.0, -8.444, -0.453, 2.055, 5.0, 16.469, -18.318, -5.498]
[135136.38441, 3.0, 15.323, -8.834, 21.016, 4.0, -6.614, -2.555, 5.805]
[135136.40406, 3.0, 14.706, -7.832, 13.812]
[135136.46305, 3.0, 9.896, -5.178, 19.734]
[135136.48273, 3.0, 19.121, -1.529, 12.328]
[135136.50239, 3.0, 15.871, -5.042, 9.198, 4.0, -2.943, -3.684, -0.394, 5.0, 0.43, -7.072, -22.241]
[135137.03333, 3.0, 19.262, -2.333, 44.646, 4.0, -15.621, -0.493, 7.116, 5.0, 15.581, -12.431, 17.398]
[135137.05298, 3.0, 19.506, 4.362, 28.439]
[135137.07264, 3.0, 10.432, 4.084, 22.184]
[135137.2103, 3.0, 15.055, -3.333, 24.553, 4.0, -7.187, -2.218, 2.455]
[135137.22996, 3.0, 13.684, -3.625, 25.402]
[135137.24964, 3.0, 11.667, -3.69, 23.584, 5.0, 0.456, -16.064, -19.064]
[135137.26929, 3.0, 17.625, -3.209, 22.507, 4.0, -4.648, -1.946, 0.53]
[135137.28895, 3.0, 21.289, -2.848, 17.609]
[135137.30863, 3.0, 18.441, -7.293, 18.693, 5.0, -5.531, -7.312, -22.577]
[135137.32828, 3.0, 11.866, -13.73, 20.957, 4.0, -0.912, -4.897, -4.62]
[135137.85923, 3.0, 13.601, -6.444, 34.763, 4.0, -13.846, -1.256, 3.683]
[135137.87888, 3.0, 21.837, 3.044, 43.626]
[135137.89854, 3.0, 15.194, 8.128, 28.795]
[135138.33115, 3.0, 11.093, 1.936, -36.72, 4.0, 9.833, -1.055, -1.36]
[135138.35084, 3.0, 10.085, 3.278, -38.897]
[135138.37049, 3.0, 14.818, 0.971, -15.424]
[135138.39014, 3.0, 18.628, -6.14, 25.919, 4.0, -4.535, -0.628, -2.797, 5.0, 14.621, -22.435, 6.696]
[135138.40983, 3.0, 9.147, 3.429, 61.472]
[135138.42948, 3.0, 12.165, 3.201, 37.046]
[135138.56711, 3.0, 31.741, -13.768, -8.174, 4.0, 0.871, -3.781, 11.947]
[135138.5868, 3.0, 57.095, 6.817, 1.383, 5.0, 24.744, -4.356, 7.109]
[135138.60646, 3.0, 76.788, 24.024, -1.012]
[135138.62614, 3.0, 53.841, 5.537, -14.366, 4.0, 1.438, -3.788, 6.113]
[135138.64579, 3.0, 23.0, -14.436, -12.222, 5.0, 13.33, -21.538, 2.257]
[135138.72444, 3.0, 9.538, -10.407, -4.147, 5.0, 18.657, -17.505, 5.132]
[135138.74412, 3.0, 49.866, 9.085, -6.233, 4.0, 1.357, -5.458, 10.488]
[135138.76377, 3.0, 67.918, 28.829, -0.533]
[135138.78343, 3.0, 45.468, 9.184, 4.824, 5.0, 20.665, -16.298, 1.152]
[135138.80311, 3.0, 18.499, -8.937, 7.863, 4.0, -0.977, 3.222, -2.152]
[135138.90144, 3.0, 23.339, -0.237, -5.458]
[135138.92109, 3.0, 55.429, 25.56, -0.115, 4.0, -0.367, -4.686, 10.106, 5.0, 22.429, -8.109, 8.569]
[135138.94075, 3.0, 50.041, 21.691, 8.267]
[135138.96043, 3.0, 25.828, -0.172, 18.549]
[135138.98008, 3.0, 10.011, -10.895, 6.54, 4.0, -2.917, 7.384, -6.582, 5.0, 15.605, -19.727, 3.372]
[135139.07841, 3.0, 24.677, -5.623, -1.041]
[135139.09806, 3.0, 38.204, 10.153, 1.194, 4.0, -2.262, -6.332, 12.677]
[135139.11775, 3.0, 40.127, 19.779, 6.202, 5.0, 22.748, -11.066, 8.775]
[135139.1374, 3.0, 21.856, 7.31, 8.488]
[135139.15705, 3.0, 9.054, -1.295, 1.122, 4.0, -3.956, 4.847, -1.635]
[135139.29472, 3.0, 15.551, 10.813, 18.592]
[135139.31437, 3.0, 12.117, 11.6, 22.076]
[135141.20393, 3.0, 13.084, -17.217, 33.036, 4.0, -14.396, -4.461, 3.854]
[135141.22319, 3.0, 10.588, 0.876, 35.464]
