[320025.4245, 3.0, 0.56, -2.521, 9.201, 4.0]
[320034.39276, 3.0, -2.317, 0.703, 7.483, 4.0]
[320034.41245, 3.0, -1.931, 0.763, 10.232, 3]
[320034.4321, 3.0, -2.075, 0.718, 9.49, 4]
[320034.51077, 3.0, -2.063, 0.703, 9.591, 4.0]
[320034.53043, 3.0, -2.063, 0.742, 9.397, 5.0]
[320034.55008, 3.0, -2.08, 0.749, 9.514, 7]
[320034.66809, 3.0, -2.058, 0.737, 9.464, 8]
[320034.84506, 3.0, -2.041, 0.742, 9.481, 9]
[320034.86472, 3.0, -2.063, 0.749, 9.464, 4.0]
[320034.8844, 3.0, -2.056, 0.732, 9.471, 11]
[320034.90439, 3.0, -2.056, 0.746, 9.469, 12]
[320034.92371, 3.0, -2.063, 0.739, 9.476, 4.0]
[320034.94339, 3.0, -2.046, 0.737, 9.471, 14]
[320034.96304, 3.0, -2.053, 0.742, 9.469, 15]
[320035.23837, 3.0, -2.065, 0.744, 9.469, 16]
[320035.25803, 3.0, -2.046, 0.742, 9.473, 5.0]
[320035.27768, 3.0, -2.061, 0.744, 9.457, 4.0]
[320035.39569, 3.0, -2.077, 0.73, 9.452, 4.0]
[320035.41534, 3.0, -2.063, 0.722, 9.457, 20]
[320035.49399, 3.0, -2.077, 0.737, 9.454, 21]
[320035.84796, 3.0, -2.068, 0.744, 9.466, 22]
[320035.92664, 3.0, -2.092, 0.672, 9.256, 4.0]
[320036.08395, 3.0, -2.034, 0.742, 9.361, 24]
[320036.10361, 3.0, -2.125, 0.636, 9.433, 4.0]
[320036.14294, 3.0, -2.195, 0.761, 9.583, 5.0]
[320036.1626, 3.0, -1.802, 0.818, 9.624, 4.0]
[320036.20193, 3.0, -1.855, 0.73, 9.639, 5.0]
[320036.24127, 3.0, -1.91, 0.682, 9.311, 29]
[320036.30026, 3.0, -2.094, 0.677, 9.368, 30]
[320036.3396, 3.0, -2.159, 0.806, 10.952, 4.0]
[320036.41824, 3.0, -2.144, 0.663, 8.983, 32]
[320036.45758, 3.0, -2.032, 0.701, 9.849, 4.0]
[320036.47757, 3.0, -1.718, 0.651, 9.598, 5.0]
































[320263.01887, 3.0, -0.654, -2.509, 7.574, 4.0]

















































[320268.6605, 3.0, 11.189, -0.359, 18.356, 2]


[320268.71952, 3.0, 9.884, -4.795, 24.036, 3]
[320268.73917, 3.0, 9.923, -5.549, 22.902, 4.0]
[320268.75883, 3.0, 8.432, -6.422, 21.045, 5]
[320268.77851, 3.0, 7.475, -5.793, 22.789, 5.0]
[320268.79817, 3.0, 10.246, -5.697, 27.238, 4.0]
[320268.81782, 3.0, 7.585, -7.442, 22.414, 8]
[320268.8375, 3.0, 4.522, -3.999, 3.494, 5.0]

[320268.87684, 3.0, 1.251, -1.735, -0.488, 10]
[320268.89649, 3.0, 1.112, -1.632, -0.182, 5.0]
[320268.91615, 3.0, 1.117, -1.706, -0.124, 4.0]
[320268.93583, 3.0, 1.103, -1.795, -0.127, 13]
[320268.95548, 3.0, 1.072, -1.876, -0.127, 14]
[320268.97514, 3.0, 1.048, -1.936, -0.119, 4.0]
[320268.99482, 3.0, 1.0, -1.996, -0.112, 16]
[320269.01447, 3.0, 0.945, -2.041, -0.091, 17]
[320269.03416, 3.0, 0.878, -2.077, -0.093, 4.0]

[320269.07346, 3.0, 0.715, -2.082, -0.067, 19]
[320269.09315, 3.0, 0.648, -2.08, -0.033, 4.0]
[320269.1128, 3.0, 0.569, -2.058, -0.024, 5.0]
[320269.13245, 3.0, 0.497, -2.015, 0.015, 22]
[320269.15214, 3.0, 0.457, -1.96, 0.048, 4.0]
[320269.17179, 3.0, 0.375, -1.91, 0.084, 5.0]
[320269.19148, 3.0, 0.349, -1.838, 0.129, 25]
[320269.21113, 3.0, 0.301, -1.742, 0.177, 4.0]

[320269.44709, 3.0, 7.755, -13.745, 77.745, 4.0]
[320269.46677, 3.0, 18.506, -24.5, 77.391, 28]
[320269.48643, 3.0, 1.94, 2.228, -2.35, 29]

[320269.62409, 3.0, 2.986, -0.383, 8.665, 4.0]


[320269.68308, 3.0, 5.025, -9.842, 23.632, 4.0]
[320269.70274, 3.0, 3.682, -9.224, 12.491, 5.0]
[320269.72242, 3.0, -2.831, -5.135, -9.267, 33]
[320269.74207, 3.0, 1.545, 0.194, 14.628, 4.0]

[320269.78141, 3.0, 0.007, -2.539, 8.236, 5.0]
[320269.80106, 3.0, -1.032, -2.314, 8.098, 4.0]
[320269.82072, 3.0, -0.546, -2.362, 8.878, 37]
[320269.86005, 3.0, -0.45, -2.075, 10.268, 4.0]



[320269.93873, 3.0, -0.582, -1.831, 9.172, 39]
[320269.95838, 3.0, -0.536, -1.804, 9.359, 40]
[320269.97807, 3.0, -0.457, -1.879, 9.737, 4.0]
[320269.99772, 3.0, -0.534, -1.819, 9.354, 42]
[320270.01737, 3.0, -0.565, -1.835, 9.449, 43]
[320270.03706, 3.0, -0.508, -1.862, 9.605, 4.0]


[320270.09605, 3.0, -0.536, -1.857, 9.519, 4.0]
[320270.1157, 3.0, -0.527, -1.843, 9.452, 5.0]

[320270.15504, 3.0, -0.517, -1.84, 9.488, 4.0]
[320270.17469, 3.0, -0.534, -1.84, 9.471, 5.0]

[320270.21403, 3.0, -0.51, -1.821, 9.476, 4.0]
[320270.23368, 3.0, -0.536, -1.847, 9.473, 50]
[320270.25337, 3.0, -0.534, -1.84, 9.464, 5.0]

[320270.29267, 3.0, -0.515, -1.823, 9.481, 52]
[320270.31236, 3.0, -0.527, -1.835, 9.464, 5.0]
[320270.33201, 3.0, -0.527, -1.833, 9.478, 4.0]
[320270.35169, 3.0, -0.529, -1.833, 9.471, 55]
[320270.37135, 3.0, -0.503, -1.828, 9.49, 5.0]
[320270.391, 3.0, -0.515, -1.838, 9.478, 4.0]
[320270.41068, 3.0, -0.512, -1.84, 9.466, 58]

[320270.44999, 3.0, -0.515, -1.84, 9.478, 4.0]
[320270.46967, 3.0, -0.5, -1.852, 9.483, 60]
[320270.48933, 3.0, -0.529, -1.828, 9.464, 61]

[320270.52866, 3.0, -0.527, -1.838, 9.471, 62]
[320270.54832, 3.0, -0.522, -1.838, 9.473, 63]
[320270.568, 3.0, -0.5, -1.855, 9.488, 4.0]

[320270.60731, 3.0, -0.517, -1.833, 9.471, 65]
[320270.62699, 3.0, -0.52, -1.833, 9.466, 4.0]
[320270.64665, 3.0, -0.517, -1.84, 9.493, 5.0]
[320270.66633, 3.0, -0.51, -1.838, 9.469, 68]
[320270.68598, 3.0, -0.517, -1.833, 9.469, 4.0]
[320270.70564, 3.0, -0.517, -1.843, 9.471, 70]
[320270.72532, 3.0, -0.515, -1.843, 9.476, 5.0]
[320270.74497, 3.0, -0.512, -1.84, 9.476, 4.0]
[320270.76463, 3.0, -0.505, -1.852, 9.478, 73]
[320270.78431, 3.0, -0.515, -1.84, 9.473, 5.0]

[320270.82365, 3.0, -0.531, -1.84, 9.483, 75]
[320270.8433, 3.0, -0.515, -1.833, 9.483, 5.0]
[320270.86295, 3.0, -0.512, -1.833, 9.471, 4.0]
[320270.88264, 3.0, -0.524, -1.835, 9.478, 78]
[320270.90229, 3.0, -0.522, -1.845, 9.471, 79]
[320270.92194, 3.0, -0.524, -1.833, 9.476, 4.0]
[320270.94184, 3.0, -0.517, -1.821, 9.481, 81]
[320270.96128, 3.0, -0.522, -1.838, 9.478, 82]
[320270.98097, 3.0, -0.52, -1.831, 9.476, 4.0]
[320271.00062, 3.0, -0.508, -1.838, 9.478, 84]
[320271.02027, 3.0, -0.51, -1.843, 9.493, 85]


[320271.07926, 3.0, -0.503, -1.847, 9.485, 86]
[320271.09895, 3.0, -0.527, -1.828, 9.485, 4.0]
[320271.1186, 3.0, -0.527, -1.826, 9.483, 5.0]
[320271.13828, 3.0, -0.51, -1.843, 9.473, 89]
[320271.15794, 3.0, -0.493, -1.855, 9.485, 4.0]







[320374.42952, 6, 3.0, 7.94, 3.893, 1.743]
[320374.48519, 3.0, 6, 7.037, 3.879, -0.321]

[320374.6032, 3.0, 6.728, 6, 5.564, 1.22]
[320374.66268, 3.0, 5.99, 7.422, 6, 0.571]
[320374.72118, 3.0, 7.89, 6.673, -1.66, 6]
[320374.77983, 3.0, 5.83, 5.276, -1.378, 4.0]
[320374.83898, 3.0, 6.943, 4.334, -2.287, 4.0]




















































[320390.05417, 6, 3.0, 0.926, -1.276, 9.509]
[320390.13296, 3.0, 6, 1.718, 1.783, 10.052]
[320390.1723, 3.0, -1.582, 6, -0.617, 9.631]
[320395.24283, 3.0, 1.454, -1.108, 6, 13.85]
[320395.83259, 3.0, 2.212, 5.463, 4.559, 6]
[320396.48176, 3.0, 5.568, 6.354, 6.202, 4.0]
[320396.54078, 3.0, 3.044, 5.893, 6.281, 4.0]
[320396.65851, 3.0, 1.488, 5.873, 6.594, 4.0]
[320396.71918, 3.0, 0.884, 5.206, 8.161, 4.0]
[320396.77665, 3.0, 0.727, 5.282, 8.933, 4.0]
[320396.89481, 3.0, 0.93, 3.414, 11.294, 4.0]
[320397.0127, 3.0, -1.391, 2.832, 9.567, 4.0]
[320397.1308, 3.0, -2.076, 2.297, 8.879, 4.0]
[320397.18976, 3.0, -2.084, 3.076, 7.635, 4.0]
[320397.24882, 3.0, -2.664, 3.607, 7.22, 4.0]
[320397.30778, 3.0, -2.663, 3.477, 7.286, 4.0]
[320397.36674, 3.0, -2.885, 2.734, 6.744, 4.0]
[320397.42576, 3.0, -0.836, 2.587, 5.254, 4.0]
[320400.5524, 3.0, 6.548, -1.117, 12.642, 4.0]
[320406.21278, 3.0, -0.728, 1.668, 14.185, 4.0]
[320406.23246, 3.0, -1.936, -3.211, 7.045, 6]
[320406.25211, 3.0, -1.024, -1.417, 8.227, 6]
[320406.2718, 3.0, 0.976, -1.173, 10.337, 4.0]
[320406.29145, 3.0, 0.94, -2.044, 9.16, 6]
[320406.3111, 3.0, 1.096, -2.209, 10.433, 6]
[320406.38978, 3.0, 0.282, 4.147, 10.376, 4.0]
[320406.40943, 3.0, -0.192, 4.116, 7.81, 5.0]
[320406.42912, 3.0, -0.029, 2.146, 19.2, 6]
[320406.44877, 3.0, 0.971, 1.883, 5.564, 4.0]
[320406.46842, 3.0, 2.132, 1.991, 9.33, 5.0]
[320406.48847, 3.0, 2.601, 1.33, 9.588, 6]
[320406.50776, 3.0, 3.29, 2.742, 9.806, 4.0]
[320406.5471, 3.0, 0.667, -2.108, 9.122, 5.0]
[320406.56675, 3.0, -4.628, -0.735, 9.868, 4.0]
[320406.5864, 3.0, -4.992, 0.9, 9.904, 6]
[320406.64543, 3.0, 0.847, -3.022, 9.847, 6]
[320406.68473, 3.0, 1.464, -0.383, 10.627, 4.0]
[320406.70442, 3.0, 8.815, 5.343, 7.37, 6]
[320406.72407, 3.0, 3.752, -2.438, 9.091, 6]
[320406.74372, 3.0, -2.142, -1.704, 10.854, 4.0]
[320406.80274, 3.0, 5.912, -4.946, 11.912, 4.0]
[320406.8224, 3.0, 4.29, -2.86, 10.486, 6]
[320406.84205, 3.0, 1.108, -2.635, 11.026, 6]
[320406.86173, 3.0, 1.215, -3.877, 13.213, 4.0]
[320406.88139, 3.0, 2.44, -5.736, 16.437, 5.0]
[320406.90104, 3.0, 5.348, -5.635, 15.838, 6]
[320406.92072, 3.0, 7.41, -4.939, 14.068, 4.0]
[320406.96006, 3.0, -0.85, -5.114, 14.156, 6]
[320406.97971, 3.0, -0.426, -5.118, 15.795, 4.0]
[320406.9994, 3.0, 0.887, -7.143, 16.169, 5.0]
[320407.01905, 3.0, 1.443, -6.269, 11.5, 6]
[320407.03871, 3.0, 0.153, -5.157, 9.787, 4.0]
[320407.05836, 3.0, -1.223, -5.382, 11.847, 6]
[320407.07804, 3.0, -1.422, -5.042, 12.168, 5.0]
[320407.15669, 3.0, 0.206, -2.458, 9.064, 4.0]
[320407.17637, 3.0, -1.79, -2.273, 8.598, 6]
[320407.19602, 3.0, -2.546, -2.678, 11.742, 6]
[320407.314, 3.0, -4.25, -0.388, 8.229, 6]
[320407.33369, 3.0, -3.199, 0.172, 6.293, 4.0]
[320407.35334, 3.0, -1.412, 2.084, 3.388, 6]
[320407.37299, 3.0, -1.915, 2.761, 1.41, 6]
[320407.39268, 3.0, -1.149, 2.665, 0.206, 4.0]
[320407.41233, 3.0, -2.204, 1.79, 0.395, 5.0]
[320407.43202, 3.0, -2.623, 2.697, 1.393, 6]
[320407.45167, 3.0, -0.792, 4.838, 3.719, 4.0]
[320407.47132, 3.0, 2.23, 6.807, 7.076, 5.0]
[320407.49101, 3.0, 3.804, 7.358, 9.237, 6]
[320407.51066, 3.0, 3.077, 5.585, 9.624, 4.0]
[320407.53031, 3.0, 3.285, 6.69, 6.284, 6]
[320407.55, 3.0, 2.5, 7.207, 3.963, 5.0]
[320407.56965, 3.0, 1.476, 6.965, 4.939, 4.0]
[320407.58933, 3.0, 0.505, 7.025, 6.15, 6]
[320407.60899, 3.0, -0.417, 7.164, 7.193, 5.0]
[320407.62864, 3.0, -0.12, 7.827, 7.94, 4.0]
[320407.66798, 3.0, 3.034, 9.827, 7.492, 6]
[320407.68763, 3.0, 2.742, 10.119, 6.628, 4.0]
[320407.70731, 3.0, 1.55, 9.188, 6.664, 6]
[320407.72697, 3.0, 0.701, 8.793, 4.973, 6]
[320407.74665, 3.0, 1.165, 9.251, 2.759, 4.0]
[320407.76631, 3.0, 1.955, 9.461, 1.264, 6]
[320407.78596, 3.0, 2.137, 9.045, 0.646, 6]
[320407.80564, 3.0, 2.187, 8.19, 1.096, 4.0]
[320407.8253, 3.0, 1.663, 8.528, 0.979, 6]
[320407.84495, 3.0, 1.957, 8.712, 2.573, 6]
[320407.86463, 3.0, 2.74, 7.961, 3.802, 4.0]
[320407.88429, 3.0, 3.453, 8.255, 3.252, 5.0]
[320407.90394, 3.0, 4.458, 9.002, 3.525, 6]
[320407.98261, 3.0, 3.517, 8.047, -0.375, 4.0]
[320408.0023, 3.0, 3.345, 7.736, -1.17, 6]
[320408.02195, 3.0, 1.959, 6.657, -1.636, 5.0]
[320408.0416, 3.0, 0.897, 6.398, -3.268, 4.0]
[320408.06129, 3.0, 0.371, 6.913, -4.065, 6]
[320408.12028, 3.0, 4.048, 6.023, -4.242, 6]
[320408.13993, 3.0, 1.586, 5.838, -3.804, 5.0]
[320408.15959, 3.0, 1.249, 6.068, -2.933, 4.0]
[320408.17927, 3.0, 3.481, 5.362, -1.435, 6]
[320408.19892, 3.0, 6.322, 4.596, -0.718, 6]
[320408.21861, 3.0, 8.602, 4.836, -1.313, 4.0]
[320408.23826, 3.0, 1.395, 1.017, 0.036, 6]
[320408.82819, 3.0, -29.853, -15.721, 5.511, 5.0]
[320408.86753, 3.0, 2.218, 1.603, -14.177, 4.0]
[320408.88719, 3.0, 11.335, 10.756, -12.847, 5.0]
[320408.90687, 3.0, 9.983, -1.642, 36.486, 6]
[320408.92652, 3.0, 14.936, 0.895, 49.84, 4.0]
[320408.98551, 3.0, -2.728, -1.086, 9.811, 4.0]
[320459.05019, 3.0, -2.132, -4.786, 8.961, 4.0]
[320459.44347, 3.0, -6.631, -7.884, 11.515, 4.0]
[320460.23135, 3.0, 1.845, 1.449, 10.732, 4.0]
[320460.29031, 3.0, 1.161, 0.707, 11.263, 4.0]
[320461.6472, 3.0, -3.483, 3.572, 10.886, 4.0]
[320461.70622, 3.0, -3.8, 2.155, 11.298, 4.0]
[320464.89183, 3.0, 6.123, -3.004, -8.805, 4.0]
[320464.95067, 3.0, 19.264, -1.204, -2.574, 4.0]
[320465.01125, 3.0, 14.208, -2.746, 2.705, 4.0]
[320465.06883, 3.0, 5.355, -2.241, 1.266, 4.0]
[320465.12825, 3.0, 5.256, -3.542, 4.661, 4.0]
[320465.18803, 3.0, 2.846, -2.842, 6.19, 4.0]
[320465.30519, 3.0, -2.035, -4.397, 7.494, 4.0]
[320465.42284, 3.0, -3.48, -4.136, 10.584, 4.0]
[320466.58159, 3.0, 4.479, 4.931, -2.369]
[320466.60124, 3.0, 3.706, 2.893, -1.665, 4.0]
[320466.62093, 3.0, 5.161, 1.459, -1.78, 5.0]
[320466.66023, 3.0, 6.111, -0.448, 3.747, 4.0]
[320466.67992, 3.0, 5.022, -0.254, 3.91]
[320466.69957, 3.0, 6.623, -0.278, 2.115, 5.0]
[320466.71922, 3.0, 10.992, -0.455, 3.321, 4.0]
[320466.73891, 3.0, 10.789, -2.228, 1.998]
[320466.75856, 3.0, 10.174, -4.405, -2.12, 5.0]
[320466.77821, 3.0, 4.934, -5.559, -5.156, 4.0]
[320466.81755, 3.0, 2.352, -1.67, 0.146]
[320466.83723, 3.0, 2.158, -2.175, 0.194, 4.0]
[320466.89623, 3.0, 2.369, -2.551, 0.522, 4.0]
[320466.91588, 3.0, 2.285, -2.733, 0.575]
[320466.93553, 3.0, 2.227, -2.836, 0.68]
[320466.97508, 3.0, 1.952, -2.879, 1.003]
[320466.99455, 3.0, 1.833, -2.759, 1.118]
[320467.01421, 3.0, -0.005, -9.28, 18.514, 4.0]
[320467.09285, 3.0, 5.707, -1.39, 0.17, 5.0]
[320467.11253, 3.0, 5.53, -1.29, 0.101]
[320467.13219, 3.0, 5.429, -1.175, 0.072, 4.0]
[320467.15184, 3.0, 5.367, -1.022, 0.027]
[320467.19118, 3.0, 5.288, -0.615, -0.069, 4.0]
[320467.23051, 3.0, 7.48, 0.179, -1.608, 5.0]
[320467.26985, 3.0, 17.774, -4.58, -23.674]
[320467.28951, 3.0, -8.741, -6.626, 18.303, 5.0]
[320467.30916, 3.0, -2.85, 8.332, -37.72, 4.0]
[320467.42717, 3.0, -0.558, 1.811, -10.806, 4.0]
[320468.46938, 3.0, -1.728, -0.251, -8.36]
[320468.54832, 3.0, -2.23, 3.484, -9.286, 4.0]
[320468.5677, 3.0, -2.752, 1.761, -9.169, 5.0]
[320468.58736, 3.0, 3.419, -5.602, -12.966]
[320468.62669, 3.0, 2.732, -2.199, -13.938]
[320468.78401, 3.0, 27.823, -4.695, -7.829, 4.0]
[320468.82335, 3.0, 9.097, -7.731, 3.956]
[320468.86269, 3.0, 0.923, -3.233, 6.109]
[320468.88234, 3.0, 3.333, -0.46, 7.308]
[320468.90199, 3.0, 5.221, 0.378, 7.667, 4.0]
[320468.92168, 3.0, 4.036, 0.227, 9.828]
[320468.94133, 3.0, 2.885, -0.383, 10.622]
[320469.02, 3.0, 1.986, 2.431, 3.889, 4.0]
[320469.05931, 3.0, 1.117, 2.802, 6.98]
[320469.09865, 3.0, -1.386, 1.538, 11.51]
[320469.13799, 3.0, -1.623, -0.153, 7.746, 4.0]
[320469.15764, 3.0, -2.137, 0.754, 7.518]
[320469.17732, 3.0, 0.708, 2.606, 7.617, 5.0]
[320469.19698, 3.0, 1.818, 3.295, 10.079, 4.0]
[320469.21663, 3.0, 0.167, 2.457, 9.057]
[320469.23631, 3.0, -4.099, 1.182, 3.295, 5.0]
[320469.2953, 3.0, -0.189, 2.359, 11.711]
[320469.31496, 3.0, -1.551, 1.725, 8.98, 4.0]
[320570.37869, 3.0, -17.97, -35.814, 18.399]
[320570.96853, 3.0, 4.486, -0.487, 17.86]
