


[323121.605, 3.0, -12.686, -52.921, 57.37]
[323122.07696, 3.0, 15.335, -1.341, -28.352]
[323128.62603, 3.0, -0.823, 11.111, 33.505]
[329211.11142, 3.0, 4.78, -22.515, 26.268]
[329211.58334, 3.0, 4.677, -22.201, 29.544]
[329211.64203, 3.0, 11.409, -12.575, 45.417]
[329550.42029, 3.0, 25.743, -6.665, 18.271]
[329637.87469, 3.0, 59.201, -30.092, -30.087]
[329716.96969, 3.0, -27.115, -21.678, 42.064]
[329910.18972, 3.0, 27.162, 0.92, 40.172]
[329933.11229, 3.0, -7.546, -17.546, 38.174]
[329933.17217, 3.0, 5.912, -2.966, 54.261]
[329960.44237, 3.0, -1.034, -19.009, 28.703]
[329960.50176, 3.0, 20.749, -12.243, 46.049]
[330428.14579, 3.0, 11.469, 0.757, 29.56]
[330428.20481, 3.0, 12.442, -4.616, 43.575]
[330428.26383, 3.0, 5.85, -16.962, 37.322]
[330428.32279, 3.0, 5.294, -32.229, 17.072]
[330428.44081, 3.0, -7.508, -24.58, -33.011]
[330428.4998, 3.0, -22.865, -21.877, -38.946]
[330428.55879, 3.0, -0.472, -32.576, -20.762]
[330428.61778, 3.0, 3.926, -44.559, 32.969]
[330584.64652, 3.0, -16.721, -20.249, 25.412]
[330626.57941, 3.0, -5.304, -4.535, 34.021]
[330661.39452, 3.0, -0.09, 3.115, 45.452]
[330702.86032, 3.0, -3.568, -5.035, 31.77]
[330770.01558, 3.0, 8.584, -8.614, 35.052]
[330835.58661, 3.0, 7.649, 5.96, 41.844]
[330882.20593, 3.0, -3.865, -19.854, 34.135]
[331000.55478, 3.0, -10.526, -13.567, -29.071]
[331000.67276, 3.0, 35.993, -21.853, 13.525]
[331000.73169, 3.0, 54.92, 8.801, 19.857]
[331000.79071, 3.0, 22.577, -4.978, 26.948]
[331000.84964, 3.0, 25.199, -67.747, -21.097]
[331000.90869, 3.0, 5.388, -58.068, -39.827]
[331000.96765, 3.0, 4.323, -42.298, 31.715]
[331001.0267, 3.0, 7.031, -20.441, 43.79]
[331001.08566, 3.0, 34.74, 3.22, 57.236]
[332053.80846, 3.0, -7.826, -25.399, -22.83]
[332053.86705, 3.0, -1.299, -30.539, 59.928]
[332053.9258, 3.0, 17.027, 0.9, 49.176]
[332595.15861, 3.0, 15.65, -1.803, 46.175]
