[316692.40952, 3.0, 3.219, 0.414, 9.618]
[316692.40952, 3.0, 3.219, 0.414, 9.618]
[316692.40952, 3.0, 3.219, 0.414, 9.618]
[316692.40952, 3.0, 3.219, 0.414, 9.618]
[316692.40952, 3.0, 3.219, 0.414, 9.618]
[316692.40952, 3.0, 3.219, 0.414, 9.618]
[316692.40952, 3.0, 3.219, 0.414, 9.618]
[316692.40952, 3.0, 3.219, 0.414, 9.618]
[316692.40952, 3.0, 3.219, 0.414, 9.618]
[316692.40952, 3.0, 3.219, 0.414, 9.618]
[316692.40952, 3.0, 3.219, 0.414, 9.618]
[316692.40952, 3.0, 3.219, 0.414, 9.618]
[316692.40952, 3.0, 3.219, 0.414, 9.618]
[316692.40952, 3.0, 3.219, 0.414, 9.618]
[316692.40952, 3.0, 3.219, 0.414, 9.618]
[316692.40952, 3.0, 3.219, 0.414, 9.618]
[316692.40952, 3.0, 3.219, 0.414, 9.618]
[316692.40952, 3.0, 3.219, 0.414, 9.618]
[316692.40952, 3.0, 3.219, 0.414, 9.618]
[316692.40952, 3.0, 3.219, 0.414, 9.618]
[316692.40952, 3.0, 3.219, 0.414, 9.618]
[316692.40952, 3.0, 3.219, 0.414, 9.618]
[316692.40952, 3.0, 3.219, 0.414, 9.618]
[316692.40952, 3.0, 3.219, 0.414, 9.618]
[316692.40952, 3.0, 3.219, 0.414, 9.618]
[316692.40952, 3.0, 3.219, 0.414, 9.618]
[316692.40952, 3.0, 3.219, 0.414, 9.618]
[316692.40952, 3.0, 3.219, 0.414, 9.618]
[316692.40952, 3.0, 3.219, 0.414, 9.618]
[316692.40952, 3.0, 3.219, 0.414, 9.618]
[316692.46848, 3.0, -3.497, 1.404, 9.639]
[316692.46848, 3.0, -3.497, 1.404, 9.639]
[316692.46848, 3.0, -3.497, 1.404, 9.639]
[316692.46848, 3.0, -3.497, 1.404, 9.639]
[316692.46848, 3.0, -3.497, 1.404, 9.639]
[316692.46848, 3.0, -3.497, 1.404, 9.639]
[316692.46848, 3.0, -3.497, 1.404, 9.639]
[316692.46848, 3.0, -3.497, 1.404, 9.639]
[316692.46848, 3.0, -3.497, 1.404, 9.639]
[316692.46848, 3.0, -3.497, 1.404, 9.639]
[316692.46848, 3.0, -3.497, 1.404, 9.639]
[316692.46848, 3.0, -3.497, 1.404, 9.639]
[316692.46848, 3.0, -3.497, 1.404, 9.639]
[316692.46848, 3.0, -3.497, 1.404, 9.639]
[316692.46848, 3.0, -3.497, 1.404, 9.639]
[316692.46848, 3.0, -3.497, 1.404, 9.639]
[316692.46848, 3.0, -3.497, 1.404, 9.639]
[316692.46848, 3.0, -3.497, 1.404, 9.639]
[316692.46848, 3.0, -3.497, 1.404, 9.639]
[316692.46848, 3.0, -3.497, 1.404, 9.639]
[316692.46848, 3.0, -3.497, 1.404, 9.639]
[316692.46848, 3.0, -3.497, 1.404, 9.639]
[316692.46848, 3.0, -3.497, 1.404, 9.639]
[316692.46848, 3.0, -3.497, 1.404, 9.639]
[316692.46848, 3.0, -3.497, 1.404, 9.639]
[316692.46848, 3.0, -3.497, 1.404, 9.639]
[316692.46848, 3.0, -3.497, 1.404, 9.639]
[316692.46848, 3.0, -3.497, 1.404, 9.639]
[316692.46848, 3.0, -3.497, 1.404, 9.639]
[316692.46848, 3.0, -3.497, 1.404, 9.639]
[316692.52796, 3.0, -10.73, -2.37, 9.103]
[316692.52796, 3.0, -10.73, -2.37, 9.103]
[316692.52796, 3.0, -10.73, -2.37, 9.103]
[316692.52796, 3.0, -10.73, -2.37, 9.103]
[316692.52796, 3.0, -10.73, -2.37, 9.103]
[316692.52796, 3.0, -10.73, -2.37, 9.103]
[316692.52796, 3.0, -10.73, -2.37, 9.103]
[316692.52796, 3.0, -10.73, -2.37, 9.103]
[316692.52796, 3.0, -10.73, -2.37, 9.103]
[316692.52796, 3.0, -10.73, -2.37, 9.103]
[316692.52796, 3.0, -10.73, -2.37, 9.103]
[316692.52796, 3.0, -10.73, -2.37, 9.103]
[316692.52796, 3.0, -10.73, -2.37, 9.103]
[316692.52796, 3.0, -10.73, -2.37, 9.103]
[316692.52796, 3.0, -10.73, -2.37, 9.103]
[316692.52796, 3.0, -10.73, -2.37, 9.103]
[316692.52796, 3.0, -10.73, -2.37, 9.103]
[316692.52796, 3.0, -10.73, -2.37, 9.103]
[316692.52796, 3.0, -10.73, -2.37, 9.103]
[316692.52796, 3.0, -10.73, -2.37, 9.103]
[316692.52796, 3.0, -10.73, -2.37, 9.103]
[316692.52796, 3.0, -10.73, -2.37, 9.103]
[316692.52796, 3.0, -10.73, -2.37, 9.103]
[316692.52796, 3.0, -10.73, -2.37, 9.103]
[316692.52796, 3.0, -10.73, -2.37, 9.103]
[316692.52796, 3.0, -10.73, -2.37, 9.103]
[316692.52796, 3.0, -10.73, -2.37, 9.103]
[316692.52796, 3.0, -10.73, -2.37, 9.103]
[316692.52796, 3.0, -10.73, -2.37, 9.103]
[316692.52796, 3.0, -10.73, -2.37, 9.103]
[316692.58652, 3.0, 9.991, -1.28, 10.071]
[316692.58652, 3.0, 9.991, -1.28, 10.071]
[316692.58652, 3.0, 9.991, -1.28, 10.071]
[316692.58652, 3.0, 9.991, -1.28, 10.071]
[316692.58652, 3.0, 9.991, -1.28, 10.071]
[316692.58652, 3.0, 9.991, -1.28, 10.071]
[316692.58652, 3.0, 9.991, -1.28, 10.071]
[316692.58652, 3.0, 9.991, -1.28, 10.071]
[316692.58652, 3.0, 9.991, -1.28, 10.071]
[316692.58652, 3.0, 9.991, -1.28, 10.071]
[316692.58652, 3.0, 9.991, -1.28, 10.071]
[316692.58652, 3.0, 9.991, -1.28, 10.071]
[316692.58652, 3.0, 9.991, -1.28, 10.071]
[316692.58652, 3.0, 9.991, -1.28, 10.071]
[316692.58652, 3.0, 9.991, -1.28, 10.071]
[316692.58652, 3.0, 9.991, -1.28, 10.071]
[316692.58652, 3.0, 9.991, -1.28, 10.071]
[316692.58652, 3.0, 9.991, -1.28, 10.071]
[316692.58652, 3.0, 9.991, -1.28, 10.071]
[316692.58652, 3.0, 9.991, -1.28, 10.071]
[316692.58652, 3.0, 9.991, -1.28, 10.071]
[316692.58652, 3.0, 9.991, -1.28, 10.071]
[316692.58652, 3.0, 9.991, -1.28, 10.071]
[316692.58652, 3.0, 9.991, -1.28, 10.071]
[316692.58652, 3.0, 9.991, -1.28, 10.071]
[316692.58652, 3.0, 9.991, -1.28, 10.071]
[316692.58652, 3.0, 9.991, -1.28, 10.071]
[316692.58652, 3.0, 9.991, -1.28, 10.071]
[316692.58652, 3.0, 9.991, -1.28, 10.071]
[316692.58652, 3.0, 9.991, -1.28, 10.071]
[316692.64545, 3.0, 11.451, -0.556, 9.76]
[316692.64545, 3.0, 11.451, -0.556, 9.76]
[316692.64545, 3.0, 11.451, -0.556, 9.76]
[316692.64545, 3.0, 11.451, -0.556, 9.76]
[316692.64545, 3.0, 11.451, -0.556, 9.76]
[316692.64545, 3.0, 11.451, -0.556, 9.76]
[316692.64545, 3.0, 11.451, -0.556, 9.76]
[316692.64545, 3.0, 11.451, -0.556, 9.76]
[316692.64545, 3.0, 11.451, -0.556, 9.76]
[316692.64545, 3.0, 11.451, -0.556, 9.76]
[316692.64545, 3.0, 11.451, -0.556, 9.76]
[316692.64545, 3.0, 11.451, -0.556, 9.76]
[316692.64545, 3.0, 11.451, -0.556, 9.76]
[316692.64545, 3.0, 11.451, -0.556, 9.76]
[316692.64545, 3.0, 11.451, -0.556, 9.76]
[316692.64545, 3.0, 11.451, -0.556, 9.76]
[316692.64545, 3.0, 11.451, -0.556, 9.76]
[316692.64545, 3.0, 11.451, -0.556, 9.76]
[316692.64545, 3.0, 11.451, -0.556, 9.76]
[316692.64545, 3.0, 11.451, -0.556, 9.76]
[316692.64545, 3.0, 11.451, -0.556, 9.76]
[316692.64545, 3.0, 11.451, -0.556, 9.76]
[316692.64545, 3.0, 11.451, -0.556, 9.76]
[316692.64545, 3.0, 11.451, -0.556, 9.76]
[316692.64545, 3.0, 11.451, -0.556, 9.76]
[316692.64545, 3.0, 11.451, -0.556, 9.76]
[316692.64545, 3.0, 11.451, -0.556, 9.76]
[316692.64545, 3.0, 11.451, -0.556, 9.76]
[316692.64545, 3.0, 11.451, -0.556, 9.76]
[316692.64545, 3.0, 11.451, -0.556, 9.76]
[316692.70447, 3.0, -4.835, 0.135, 9.662]
[316692.70447, 3.0, -4.835, 0.135, 9.662]
[316692.70447, 3.0, -4.835, 0.135, 9.662]
[316692.70447, 3.0, -4.835, 0.135, 9.662]
[316692.70447, 3.0, -4.835, 0.135, 9.662]
[316692.70447, 3.0, -4.835, 0.135, 9.662]
[316692.70447, 3.0, -4.835, 0.135, 9.662]
[316692.70447, 3.0, -4.835, 0.135, 9.662]
[316692.70447, 3.0, -4.835, 0.135, 9.662]
[316692.70447, 3.0, -4.835, 0.135, 9.662]
[316692.70447, 3.0, -4.835, 0.135, 9.662]
[316692.70447, 3.0, -4.835, 0.135, 9.662]
[316692.70447, 3.0, -4.835, 0.135, 9.662]
[316692.70447, 3.0, -4.835, 0.135, 9.662]
[316692.70447, 3.0, -4.835, 0.135, 9.662]
[316692.70447, 3.0, -4.835, 0.135, 9.662]
[316692.70447, 3.0, -4.835, 0.135, 9.662]
[316692.70447, 3.0, -4.835, 0.135, 9.662]
[316692.70447, 3.0, -4.835, 0.135, 9.662]
[316692.70447, 3.0, -4.835, 0.135, 9.662]
[316692.70447, 3.0, -4.835, 0.135, 9.662]
[316692.70447, 3.0, -4.835, 0.135, 9.662]
[316692.70447, 3.0, -4.835, 0.135, 9.662]
[316692.70447, 3.0, -4.835, 0.135, 9.662]
[316692.70447, 3.0, -4.835, 0.135, 9.662]
[316692.70447, 3.0, -4.835, 0.135, 9.662]
[316692.70447, 3.0, -4.835, 0.135, 9.662]
[316692.70447, 3.0, -4.835, 0.135, 9.662]
[316692.70447, 3.0, -4.835, 0.135, 9.662]
[316692.70447, 3.0, -4.835, 0.135, 9.662]
[316692.76343, 3.0, -16.248, -2.286, 9.497]
[316692.76343, 3.0, -16.248, -2.286, 9.497]
[316692.76343, 3.0, -16.248, -2.286, 9.497]
[316692.76343, 3.0, -16.248, -2.286, 9.497]
[316692.76343, 3.0, -16.248, -2.286, 9.497]
[316692.76343, 3.0, -16.248, -2.286, 9.497]
[316692.76343, 3.0, -16.248, -2.286, 9.497]
[316692.76343, 3.0, -16.248, -2.286, 9.497]
[316692.76343, 3.0, -16.248, -2.286, 9.497]
[316692.76343, 3.0, -16.248, -2.286, 9.497]
[316692.76343, 3.0, -16.248, -2.286, 9.497]
[316692.76343, 3.0, -16.248, -2.286, 9.497]
[316692.76343, 3.0, -16.248, -2.286, 9.497]
[316692.76343, 3.0, -16.248, -2.286, 9.497]
[316692.76343, 3.0, -16.248, -2.286, 9.497]
[316692.76343, 3.0, -16.248, -2.286, 9.497]
[316692.76343, 3.0, -16.248, -2.286, 9.497]
[316692.76343, 3.0, -16.248, -2.286, 9.497]
[316692.76343, 3.0, -16.248, -2.286, 9.497]
[316692.76343, 3.0, -16.248, -2.286, 9.497]
[316692.76343, 3.0, -16.248, -2.286, 9.497]
[316692.76343, 3.0, -16.248, -2.286, 9.497]
[316692.76343, 3.0, -16.248, -2.286, 9.497]
[316692.76343, 3.0, -16.248, -2.286, 9.497]
[316692.76343, 3.0, -16.248, -2.286, 9.497]
[316692.76343, 3.0, -16.248, -2.286, 9.497]
[316692.76343, 3.0, -16.248, -2.286, 9.497]
[316692.76343, 3.0, -16.248, -2.286, 9.497]
[316692.76343, 3.0, -16.248, -2.286, 9.497]
[316692.76343, 3.0, -16.248, -2.286, 9.497]
[316692.82245, 3.0, 8.048, -2.228, 9.708]
[316692.82245, 3.0, 8.048, -2.228, 9.708]
[316692.82245, 3.0, 8.048, -2.228, 9.708]
[316692.82245, 3.0, 8.048, -2.228, 9.708]
[316692.82245, 3.0, 8.048, -2.228, 9.708]
[316692.82245, 3.0, 8.048, -2.228, 9.708]
[316692.82245, 3.0, 8.048, -2.228, 9.708]
[316692.82245, 3.0, 8.048, -2.228, 9.708]
[316692.82245, 3.0, 8.048, -2.228, 9.708]
[316692.82245, 3.0, 8.048, -2.228, 9.708]
[316692.82245, 3.0, 8.048, -2.228, 9.708]
[316692.82245, 3.0, 8.048, -2.228, 9.708]
[316692.82245, 3.0, 8.048, -2.228, 9.708]
[316692.82245, 3.0, 8.048, -2.228, 9.708]
[316692.82245, 3.0, 8.048, -2.228, 9.708]
[316692.82245, 3.0, 8.048, -2.228, 9.708]
[316692.82245, 3.0, 8.048, -2.228, 9.708]
[316692.82245, 3.0, 8.048, -2.228, 9.708]
[316692.82245, 3.0, 8.048, -2.228, 9.708]
[316692.82245, 3.0, 8.048, -2.228, 9.708]
[316692.82245, 3.0, 8.048, -2.228, 9.708]
[316692.82245, 3.0, 8.048, -2.228, 9.708]
[316692.82245, 3.0, 8.048, -2.228, 9.708]
[316692.82245, 3.0, 8.048, -2.228, 9.708]
[316692.82245, 3.0, 8.048, -2.228, 9.708]
[316692.82245, 3.0, 8.048, -2.228, 9.708]
[316692.82245, 3.0, 8.048, -2.228, 9.708]
[316692.82245, 3.0, 8.048, -2.228, 9.708]
[316692.82245, 3.0, 8.048, -2.228, 9.708]
[316692.82245, 3.0, 8.048, -2.228, 9.708]
[316692.88141, 3.0, 17.362, -1.768, 10.107]
[316692.88141, 3.0, 17.362, -1.768, 10.107]
[316692.88141, 3.0, 17.362, -1.768, 10.107]
[316692.88141, 3.0, 17.362, -1.768, 10.107]
[316692.88141, 3.0, 17.362, -1.768, 10.107]
[316692.88141, 3.0, 17.362, -1.768, 10.107]
[316692.88141, 3.0, 17.362, -1.768, 10.107]
[316692.88141, 3.0, 17.362, -1.768, 10.107]
[316692.88141, 3.0, 17.362, -1.768, 10.107]
[316692.88141, 3.0, 17.362, -1.768, 10.107]
[316692.88141, 3.0, 17.362, -1.768, 10.107]
[316692.88141, 3.0, 17.362, -1.768, 10.107]
[316692.88141, 3.0, 17.362, -1.768, 10.107]
[316692.88141, 3.0, 17.362, -1.768, 10.107]
[316692.88141, 3.0, 17.362, -1.768, 10.107]
[316692.88141, 3.0, 17.362, -1.768, 10.107]
[316692.88141, 3.0, 17.362, -1.768, 10.107]
[316692.88141, 3.0, 17.362, -1.768, 10.107]
[316692.88141, 3.0, 17.362, -1.768, 10.107]
[316692.88141, 3.0, 17.362, -1.768, 10.107]
[316692.88141, 3.0, 17.362, -1.768, 10.107]
[316692.88141, 3.0, 17.362, -1.768, 10.107]
[316692.88141, 3.0, 17.362, -1.768, 10.107]
[316692.88141, 3.0, 17.362, -1.768, 10.107]
[316692.88141, 3.0, 17.362, -1.768, 10.107]
[316692.88141, 3.0, 17.362, -1.768, 10.107]
[316692.88141, 3.0, 17.362, -1.768, 10.107]
[316692.88141, 3.0, 17.362, -1.768, 10.107]
[316692.88141, 3.0, 17.362, -1.768, 10.107]
[316692.88141, 3.0, 17.362, -1.768, 10.107]
[316692.94044, 3.0, -12.793, -0.922, 10.123]
[316692.94044, 3.0, -12.793, -0.922, 10.123]
[316692.94044, 3.0, -12.793, -0.922, 10.123]
[316692.94044, 3.0, -12.793, -0.922, 10.123]
[316692.94044, 3.0, -12.793, -0.922, 10.123]
[316692.94044, 3.0, -12.793, -0.922, 10.123]
[316692.94044, 3.0, -12.793, -0.922, 10.123]
[316692.94044, 3.0, -12.793, -0.922, 10.123]
[316692.94044, 3.0, -12.793, -0.922, 10.123]
[316692.94044, 3.0, -12.793, -0.922, 10.123]
[316692.94044, 3.0, -12.793, -0.922, 10.123]
[316692.94044, 3.0, -12.793, -0.922, 10.123]
[316692.94044, 3.0, -12.793, -0.922, 10.123]
[316692.94044, 3.0, -12.793, -0.922, 10.123]
[316692.94044, 3.0, -12.793, -0.922, 10.123]
[316692.94044, 3.0, -12.793, -0.922, 10.123]
[316692.94044, 3.0, -12.793, -0.922, 10.123]
[316692.94044, 3.0, -12.793, -0.922, 10.123]
[316692.94044, 3.0, -12.793, -0.922, 10.123]
[316692.94044, 3.0, -12.793, -0.922, 10.123]
[316692.94044, 3.0, -12.793, -0.922, 10.123]
[316692.94044, 3.0, -12.793, -0.922, 10.123]
[316692.94044, 3.0, -12.793, -0.922, 10.123]
[316692.94044, 3.0, -12.793, -0.922, 10.123]
[316692.94044, 3.0, -12.793, -0.922, 10.123]
[316692.94044, 3.0, -12.793, -0.922, 10.123]
[316692.94044, 3.0, -12.793, -0.922, 10.123]
[316692.94044, 3.0, -12.793, -0.922, 10.123]
[316692.94044, 3.0, -12.793, -0.922, 10.123]
[316692.94044, 3.0, -12.793, -0.922, 10.123]
[316692.99921, 3.0, -17.003, -1.934, 8.501]
[316692.99921, 3.0, -17.003, -1.934, 8.501]
[316692.99921, 3.0, -17.003, -1.934, 8.501]
[316692.99921, 3.0, -17.003, -1.934, 8.501]
[316692.99921, 3.0, -17.003, -1.934, 8.501]
[316692.99921, 3.0, -17.003, -1.934, 8.501]
[316692.99921, 3.0, -17.003, -1.934, 8.501]
[316692.99921, 3.0, -17.003, -1.934, 8.501]
[316692.99921, 3.0, -17.003, -1.934, 8.501]
[316692.99921, 3.0, -17.003, -1.934, 8.501]
[316692.99921, 3.0, -17.003, -1.934, 8.501]
[316692.99921, 3.0, -17.003, -1.934, 8.501]
[316692.99921, 3.0, -17.003, -1.934, 8.501]
[316692.99921, 3.0, -17.003, -1.934, 8.501]
[316692.99921, 3.0, -17.003, -1.934, 8.501]
[316692.99921, 3.0, -17.003, -1.934, 8.501]
[316692.99921, 3.0, -17.003, -1.934, 8.501]
[316692.99921, 3.0, -17.003, -1.934, 8.501]
[316692.99921, 3.0, -17.003, -1.934, 8.501]
[316692.99921, 3.0, -17.003, -1.934, 8.501]
[316692.99921, 3.0, -17.003, -1.934, 8.501]
[316692.99921, 3.0, -17.003, -1.934, 8.501]
[316692.99921, 3.0, -17.003, -1.934, 8.501]
[316692.99921, 3.0, -17.003, -1.934, 8.501]
[316692.99921, 3.0, -17.003, -1.934, 8.501]
[316692.99921, 3.0, -17.003, -1.934, 8.501]
[316692.99921, 3.0, -17.003, -1.934, 8.501]
[316692.99921, 3.0, -17.003, -1.934, 8.501]
[316692.99921, 3.0, -17.003, -1.934, 8.501]
[316692.99921, 3.0, -17.003, -1.934, 8.501]
[316693.05826, 3.0, 9.64, -1.698, 9.817]
[316693.05826, 3.0, 9.64, -1.698, 9.817]
[316693.05826, 3.0, 9.64, -1.698, 9.817]
[316693.05826, 3.0, 9.64, -1.698, 9.817]
[316693.05826, 3.0, 9.64, -1.698, 9.817]
[316693.05826, 3.0, 9.64, -1.698, 9.817]
[316693.05826, 3.0, 9.64, -1.698, 9.817]
[316693.05826, 3.0, 9.64, -1.698, 9.817]
[316693.05826, 3.0, 9.64, -1.698, 9.817]
[316693.05826, 3.0, 9.64, -1.698, 9.817]
[316693.05826, 3.0, 9.64, -1.698, 9.817]
[316693.05826, 3.0, 9.64, -1.698, 9.817]
[316693.05826, 3.0, 9.64, -1.698, 9.817]
[316693.05826, 3.0, 9.64, -1.698, 9.817]
[316693.05826, 3.0, 9.64, -1.698, 9.817]
[316693.05826, 3.0, 9.64, -1.698, 9.817]
[316693.05826, 3.0, 9.64, -1.698, 9.817]
[316693.05826, 3.0, 9.64, -1.698, 9.817]
[316693.05826, 3.0, 9.64, -1.698, 9.817]
[316693.05826, 3.0, 9.64, -1.698, 9.817]
[316693.05826, 3.0, 9.64, -1.698, 9.817]
[316693.05826, 3.0, 9.64, -1.698, 9.817]
[316693.05826, 3.0, 9.64, -1.698, 9.817]
[316693.05826, 3.0, 9.64, -1.698, 9.817]
[316693.05826, 3.0, 9.64, -1.698, 9.817]
[316693.05826, 3.0, 9.64, -1.698, 9.817]
[316693.05826, 3.0, 9.64, -1.698, 9.817]
[316693.05826, 3.0, 9.64, -1.698, 9.817]
[316693.05826, 3.0, 9.64, -1.698, 9.817]
[316693.05826, 3.0, 9.64, -1.698, 9.817]
[316693.11722, 3.0, 12.392, -0.145, 9.268]
[316693.11722, 3.0, 12.392, -0.145, 9.268]
[316693.11722, 3.0, 12.392, -0.145, 9.268]
[316693.11722, 3.0, 12.392, -0.145, 9.268]
[316693.11722, 3.0, 12.392, -0.145, 9.268]
[316693.11722, 3.0, 12.392, -0.145, 9.268]
[316693.11722, 3.0, 12.392, -0.145, 9.268]
[316693.11722, 3.0, 12.392, -0.145, 9.268]
[316693.11722, 3.0, 12.392, -0.145, 9.268]
[316693.11722, 3.0, 12.392, -0.145, 9.268]
[316693.11722, 3.0, 12.392, -0.145, 9.268]
[316693.11722, 3.0, 12.392, -0.145, 9.268]
[316693.11722, 3.0, 12.392, -0.145, 9.268]
[316693.11722, 3.0, 12.392, -0.145, 9.268]
[316693.11722, 3.0, 12.392, -0.145, 9.268]
[316693.11722, 3.0, 12.392, -0.145, 9.268]
[316693.11722, 3.0, 12.392, -0.145, 9.268]
[316693.11722, 3.0, 12.392, -0.145, 9.268]
[316693.11722, 3.0, 12.392, -0.145, 9.268]
[316693.11722, 3.0, 12.392, -0.145, 9.268]
[316693.11722, 3.0, 12.392, -0.145, 9.268]
[316693.11722, 3.0, 12.392, -0.145, 9.268]
[316693.11722, 3.0, 12.392, -0.145, 9.268]
[316693.11722, 3.0, 12.392, -0.145, 9.268]
[316693.11722, 3.0, 12.392, -0.145, 9.268]
[316693.11722, 3.0, 12.392, -0.145, 9.268]
[316693.11722, 3.0, 12.392, -0.145, 9.268]
[316693.11722, 3.0, 12.392, -0.145, 9.268]
[316693.11722, 3.0, 12.392, -0.145, 9.268]
[316693.11722, 3.0, 12.392, -0.145, 9.268]
[316693.17637, 3.0, -8.152, 0.118, 9.417]
[316693.17637, 3.0, -8.152, 0.118, 9.417]
[316693.17637, 3.0, -8.152, 0.118, 9.417]
[316693.17637, 3.0, -8.152, 0.118, 9.417]
[316693.17637, 3.0, -8.152, 0.118, 9.417]
[316693.17637, 3.0, -8.152, 0.118, 9.417]
[316693.17637, 3.0, -8.152, 0.118, 9.417]
[316693.17637, 3.0, -8.152, 0.118, 9.417]
[316693.17637, 3.0, -8.152, 0.118, 9.417]
[316693.17637, 3.0, -8.152, 0.118, 9.417]
[316693.17637, 3.0, -8.152, 0.118, 9.417]
[316693.17637, 3.0, -8.152, 0.118, 9.417]
[316693.17637, 3.0, -8.152, 0.118, 9.417]
[316693.17637, 3.0, -8.152, 0.118, 9.417]
[316693.17637, 3.0, -8.152, 0.118, 9.417]
[316693.17637, 3.0, -8.152, 0.118, 9.417]
[316693.17637, 3.0, -8.152, 0.118, 9.417]
[316693.17637, 3.0, -8.152, 0.118, 9.417]
[316693.17637, 3.0, -8.152, 0.118, 9.417]
[316693.17637, 3.0, -8.152, 0.118, 9.417]
[316693.17637, 3.0, -8.152, 0.118, 9.417]
[316693.17637, 3.0, -8.152, 0.118, 9.417]
[316693.17637, 3.0, -8.152, 0.118, 9.417]
[316693.17637, 3.0, -8.152, 0.118, 9.417]
[316693.17637, 3.0, -8.152, 0.118, 9.417]
[316693.17637, 3.0, -8.152, 0.118, 9.417]
[316693.17637, 3.0, -8.152, 0.118, 9.417]
[316693.17637, 3.0, -8.152, 0.118, 9.417]
[316693.17637, 3.0, -8.152, 0.118, 9.417]
[316693.17637, 3.0, -8.152, 0.118, 9.417]
[316693.23542, 3.0, -5.733, 0.229, 9.465]
[316693.23542, 3.0, -5.733, 0.229, 9.465]
[316693.23542, 3.0, -5.733, 0.229, 9.465]
[316693.23542, 3.0, -5.733, 0.229, 9.465]
[316693.23542, 3.0, -5.733, 0.229, 9.465]
[316693.23542, 3.0, -5.733, 0.229, 9.465]
[316693.23542, 3.0, -5.733, 0.229, 9.465]
[316693.23542, 3.0, -5.733, 0.229, 9.465]
[316693.23542, 3.0, -5.733, 0.229, 9.465]
[316693.23542, 3.0, -5.733, 0.229, 9.465]
[316693.23542, 3.0, -5.733, 0.229, 9.465]
[316693.23542, 3.0, -5.733, 0.229, 9.465]
[316693.23542, 3.0, -5.733, 0.229, 9.465]
[316693.23542, 3.0, -5.733, 0.229, 9.465]
[316693.23542, 3.0, -5.733, 0.229, 9.465]
[316693.23542, 3.0, -5.733, 0.229, 9.465]
[316693.23542, 3.0, -5.733, 0.229, 9.465]
[316693.23542, 3.0, -5.733, 0.229, 9.465]
[316693.23542, 3.0, -5.733, 0.229, 9.465]
[316693.23542, 3.0, -5.733, 0.229, 9.465]
[316693.23542, 3.0, -5.733, 0.229, 9.465]
[316693.23542, 3.0, -5.733, 0.229, 9.465]
[316693.23542, 3.0, -5.733, 0.229, 9.465]
[316693.23542, 3.0, -5.733, 0.229, 9.465]
[316693.23542, 3.0, -5.733, 0.229, 9.465]
[316693.23542, 3.0, -5.733, 0.229, 9.465]
[316693.23542, 3.0, -5.733, 0.229, 9.465]
[316693.23542, 3.0, -5.733, 0.229, 9.465]
[316693.23542, 3.0, -5.733, 0.229, 9.465]
[316693.23542, 3.0, -5.733, 0.229, 9.465]
[316693.2944, 3.0, 5.494, -0.329, 9.838]
[316693.2944, 3.0, 5.494, -0.329, 9.838]
[316693.2944, 3.0, 5.494, -0.329, 9.838]
[316693.2944, 3.0, 5.494, -0.329, 9.838]
[316693.2944, 3.0, 5.494, -0.329, 9.838]
[316693.2944, 3.0, 5.494, -0.329, 9.838]
[316693.2944, 3.0, 5.494, -0.329, 9.838]
[316693.2944, 3.0, 5.494, -0.329, 9.838]
[316693.2944, 3.0, 5.494, -0.329, 9.838]
[316693.2944, 3.0, 5.494, -0.329, 9.838]
[316693.2944, 3.0, 5.494, -0.329, 9.838]
[316693.2944, 3.0, 5.494, -0.329, 9.838]
[316693.2944, 3.0, 5.494, -0.329, 9.838]
[316693.2944, 3.0, 5.494, -0.329, 9.838]
[316693.2944, 3.0, 5.494, -0.329, 9.838]
[316693.2944, 3.0, 5.494, -0.329, 9.838]
[316693.2944, 3.0, 5.494, -0.329, 9.838]
[316693.2944, 3.0, 5.494, -0.329, 9.838]
[316693.2944, 3.0, 5.494, -0.329, 9.838]
[316693.2944, 3.0, 5.494, -0.329, 9.838]
[316693.2944, 3.0, 5.494, -0.329, 9.838]
[316693.2944, 3.0, 5.494, -0.329, 9.838]
[316693.2944, 3.0, 5.494, -0.329, 9.838]
[316693.2944, 3.0, 5.494, -0.329, 9.838]
[316693.2944, 3.0, 5.494, -0.329, 9.838]
[316693.2944, 3.0, 5.494, -0.329, 9.838]
[316693.2944, 3.0, 5.494, -0.329, 9.838]
[316693.2944, 3.0, 5.494, -0.329, 9.838]
[316693.2944, 3.0, 5.494, -0.329, 9.838]
[316693.2944, 3.0, 5.494, -0.329, 9.838]
[316693.94336, 3.0, -2.146, -0.891, 10.058]
[316693.94336, 3.0, -2.146, -0.891, 10.058]
[316693.94336, 3.0, -2.146, -0.891, 10.058]
[316693.94336, 3.0, -2.146, -0.891, 10.058]
[316693.94336, 3.0, -2.146, -0.891, 10.058]
[316693.94336, 3.0, -2.146, -0.891, 10.058]
[316693.94336, 3.0, -2.146, -0.891, 10.058]
[316693.94336, 3.0, -2.146, -0.891, 10.058]
[316693.94336, 3.0, -2.146, -0.891, 10.058]
[316693.94336, 3.0, -2.146, -0.891, 10.058]
[316693.94336, 3.0, -2.146, -0.891, 10.058]
[316693.94336, 3.0, -2.146, -0.891, 10.058]
[316693.94336, 3.0, -2.146, -0.891, 10.058]
[316693.94336, 3.0, -2.146, -0.891, 10.058]
[316693.94336, 3.0, -2.146, -0.891, 10.058]
[316693.94336, 3.0, -2.146, -0.891, 10.058]
[316693.94336, 3.0, -2.146, -0.891, 10.058]
[316693.94336, 3.0, -2.146, -0.891, 10.058]
[316693.94336, 3.0, -2.146, -0.891, 10.058]
[316693.94336, 3.0, -2.146, -0.891, 10.058]
[316693.94336, 3.0, -2.146, -0.891, 10.058]
[316693.94336, 3.0, -2.146, -0.891, 10.058]
[316693.94336, 3.0, -2.146, -0.891, 10.058]
[316693.94336, 3.0, -2.146, -0.891, 10.058]
[316693.94336, 3.0, -2.146, -0.891, 10.058]
[316693.94336, 3.0, -2.146, -0.891, 10.058]
[316693.94336, 3.0, -2.146, -0.891, 10.058]
[316693.94336, 3.0, -2.146, -0.891, 10.058]
[316693.94336, 3.0, -2.146, -0.891, 10.058]
[316693.94336, 3.0, -2.146, -0.891, 10.058]
[316694.00232, 3.0, 3.27, 0.62, 10.492]
[316694.00232, 3.0, 3.27, 0.62, 10.492]
[316694.00232, 3.0, 3.27, 0.62, 10.492]
[316694.00232, 3.0, 3.27, 0.62, 10.492]
[316694.00232, 3.0, 3.27, 0.62, 10.492]
[316694.00232, 3.0, 3.27, 0.62, 10.492]
[316694.00232, 3.0, 3.27, 0.62, 10.492]
[316694.00232, 3.0, 3.27, 0.62, 10.492]
[316694.00232, 3.0, 3.27, 0.62, 10.492]
[316694.00232, 3.0, 3.27, 0.62, 10.492]
[316694.00232, 3.0, 3.27, 0.62, 10.492]
[316694.00232, 3.0, 3.27, 0.62, 10.492]
[316694.00232, 3.0, 3.27, 0.62, 10.492]
[316694.00232, 3.0, 3.27, 0.62, 10.492]
[316694.00232, 3.0, 3.27, 0.62, 10.492]
[316694.00232, 3.0, 3.27, 0.62, 10.492]
[316694.00232, 3.0, 3.27, 0.62, 10.492]
[316694.00232, 3.0, 3.27, 0.62, 10.492]
[316694.00232, 3.0, 3.27, 0.62, 10.492]
[316694.00232, 3.0, 3.27, 0.62, 10.492]
[316694.00232, 3.0, 3.27, 0.62, 10.492]
[316694.00232, 3.0, 3.27, 0.62, 10.492]
[316694.00232, 3.0, 3.27, 0.62, 10.492]
[316694.00232, 3.0, 3.27, 0.62, 10.492]
[316694.00232, 3.0, 3.27, 0.62, 10.492]
[316694.00232, 3.0, 3.27, 0.62, 10.492]
[316694.00232, 3.0, 3.27, 0.62, 10.492]
[316694.00232, 3.0, 3.27, 0.62, 10.492]
[316694.00232, 3.0, 3.27, 0.62, 10.492]
[316694.00232, 3.0, 3.27, 0.62, 10.492]
[316694.06155, 3.0, 2.462, 1.794, 9.473]
[316694.06155, 3.0, 2.462, 1.794, 9.473]
[316694.06155, 3.0, 2.462, 1.794, 9.473]
[316694.06155, 3.0, 2.462, 1.794, 9.473]
[316694.06155, 3.0, 2.462, 1.794, 9.473]
[316694.06155, 3.0, 2.462, 1.794, 9.473]
[316694.06155, 3.0, 2.462, 1.794, 9.473]
[316694.06155, 3.0, 2.462, 1.794, 9.473]
[316694.06155, 3.0, 2.462, 1.794, 9.473]
[316694.06155, 3.0, 2.462, 1.794, 9.473]
[316694.06155, 3.0, 2.462, 1.794, 9.473]
[316694.06155, 3.0, 2.462, 1.794, 9.473]
[316694.06155, 3.0, 2.462, 1.794, 9.473]
[316694.06155, 3.0, 2.462, 1.794, 9.473]
[316694.06155, 3.0, 2.462, 1.794, 9.473]
[316694.06155, 3.0, 2.462, 1.794, 9.473]
[316694.06155, 3.0, 2.462, 1.794, 9.473]
[316694.06155, 3.0, 2.462, 1.794, 9.473]
[316694.06155, 3.0, 2.462, 1.794, 9.473]
[316694.06155, 3.0, 2.462, 1.794, 9.473]
[316694.06155, 3.0, 2.462, 1.794, 9.473]
[316694.06155, 3.0, 2.462, 1.794, 9.473]
[316694.06155, 3.0, 2.462, 1.794, 9.473]
[316694.06155, 3.0, 2.462, 1.794, 9.473]
[316694.06155, 3.0, 2.462, 1.794, 9.473]
[316694.06155, 3.0, 2.462, 1.794, 9.473]
[316694.06155, 3.0, 2.462, 1.794, 9.473]
[316694.06155, 3.0, 2.462, 1.794, 9.473]
[316694.06155, 3.0, 2.462, 1.794, 9.473]
[316694.06155, 3.0, 2.462, 1.794, 9.473]
[316694.17953, 3.0, -1.32, 0.213, 8.65]
[316694.17953, 3.0, -1.32, 0.213, 8.65]
[316694.17953, 3.0, -1.32, 0.213, 8.65]
[316694.17953, 3.0, -1.32, 0.213, 8.65]
[316694.17953, 3.0, -1.32, 0.213, 8.65]
[316694.17953, 3.0, -1.32, 0.213, 8.65]
[316694.17953, 3.0, -1.32, 0.213, 8.65]
[316694.17953, 3.0, -1.32, 0.213, 8.65]
[316694.17953, 3.0, -1.32, 0.213, 8.65]
[316694.17953, 3.0, -1.32, 0.213, 8.65]
[316694.17953, 3.0, -1.32, 0.213, 8.65]
[316694.17953, 3.0, -1.32, 0.213, 8.65]
[316694.17953, 3.0, -1.32, 0.213, 8.65]
[316694.17953, 3.0, -1.32, 0.213, 8.65]
[316694.17953, 3.0, -1.32, 0.213, 8.65]
[316694.17953, 3.0, -1.32, 0.213, 8.65]
[316694.17953, 3.0, -1.32, 0.213, 8.65]
[316694.17953, 3.0, -1.32, 0.213, 8.65]
[316694.17953, 3.0, -1.32, 0.213, 8.65]
[316694.17953, 3.0, -1.32, 0.213, 8.65]
[316694.17953, 3.0, -1.32, 0.213, 8.65]
[316694.17953, 3.0, -1.32, 0.213, 8.65]
[316694.17953, 3.0, -1.32, 0.213, 8.65]
[316694.17953, 3.0, -1.32, 0.213, 8.65]
[316694.17953, 3.0, -1.32, 0.213, 8.65]
[316694.17953, 3.0, -1.32, 0.213, 8.65]
[316694.17953, 3.0, -1.32, 0.213, 8.65]
[316694.17953, 3.0, -1.32, 0.213, 8.65]
[316694.17953, 3.0, -1.32, 0.213, 8.65]
[316694.17953, 3.0, -1.32, 0.213, 8.65]
[316694.29782, 3.0, -0.686, -1.798, 9.112]
[316694.29782, 3.0, -0.686, -1.798, 9.112]
[316694.29782, 3.0, -0.686, -1.798, 9.112]
[316694.29782, 3.0, -0.686, -1.798, 9.112]
[316694.29782, 3.0, -0.686, -1.798, 9.112]
[316694.29782, 3.0, -0.686, -1.798, 9.112]
[316694.29782, 3.0, -0.686, -1.798, 9.112]
[316694.29782, 3.0, -0.686, -1.798, 9.112]
[316694.29782, 3.0, -0.686, -1.798, 9.112]
[316694.29782, 3.0, -0.686, -1.798, 9.112]
[316694.29782, 3.0, -0.686, -1.798, 9.112]
[316694.29782, 3.0, -0.686, -1.798, 9.112]
[316694.29782, 3.0, -0.686, -1.798, 9.112]
[316694.29782, 3.0, -0.686, -1.798, 9.112]
[316694.29782, 3.0, -0.686, -1.798, 9.112]
[316694.29782, 3.0, -0.686, -1.798, 9.112]
[316694.29782, 3.0, -0.686, -1.798, 9.112]
[316694.29782, 3.0, -0.686, -1.798, 9.112]
[316694.29782, 3.0, -0.686, -1.798, 9.112]
[316694.29782, 3.0, -0.686, -1.798, 9.112]
[316694.29782, 3.0, -0.686, -1.798, 9.112]
[316694.29782, 3.0, -0.686, -1.798, 9.112]
[316694.29782, 3.0, -0.686, -1.798, 9.112]
[316694.29782, 3.0, -0.686, -1.798, 9.112]
[316694.29782, 3.0, -0.686, -1.798, 9.112]
[316694.29782, 3.0, -0.686, -1.798, 9.112]
[316694.29782, 3.0, -0.686, -1.798, 9.112]
[316694.29782, 3.0, -0.686, -1.798, 9.112]
[316694.29782, 3.0, -0.686, -1.798, 9.112]
[316694.29782, 3.0, -0.686, -1.798, 9.112]
[316694.41544, 3.0, 1.981, 0.002, 9.82]
[316694.41544, 3.0, 1.981, 0.002, 9.82]
[316694.41544, 3.0, 1.981, 0.002, 9.82]
[316694.41544, 3.0, 1.981, 0.002, 9.82]
[316694.41544, 3.0, 1.981, 0.002, 9.82]
[316694.41544, 3.0, 1.981, 0.002, 9.82]
[316694.41544, 3.0, 1.981, 0.002, 9.82]
[316694.41544, 3.0, 1.981, 0.002, 9.82]
[316694.41544, 3.0, 1.981, 0.002, 9.82]
[316694.41544, 3.0, 1.981, 0.002, 9.82]
[316694.41544, 3.0, 1.981, 0.002, 9.82]
[316694.41544, 3.0, 1.981, 0.002, 9.82]
[316694.41544, 3.0, 1.981, 0.002, 9.82]
[316694.41544, 3.0, 1.981, 0.002, 9.82]
[316694.41544, 3.0, 1.981, 0.002, 9.82]
[316694.41544, 3.0, 1.981, 0.002, 9.82]
[316694.41544, 3.0, 1.981, 0.002, 9.82]
[316694.41544, 3.0, 1.981, 0.002, 9.82]
[316694.41544, 3.0, 1.981, 0.002, 9.82]
[316694.41544, 3.0, 1.981, 0.002, 9.82]
[316694.41544, 3.0, 1.981, 0.002, 9.82]
[316694.41544, 3.0, 1.981, 0.002, 9.82]
[316694.41544, 3.0, 1.981, 0.002, 9.82]
[316694.41544, 3.0, 1.981, 0.002, 9.82]
[316694.41544, 3.0, 1.981, 0.002, 9.82]
[316694.41544, 3.0, 1.981, 0.002, 9.82]
[316694.41544, 3.0, 1.981, 0.002, 9.82]
[316694.41544, 3.0, 1.981, 0.002, 9.82]
[316694.41544, 3.0, 1.981, 0.002, 9.82]
[316694.41544, 3.0, 1.981, 0.002, 9.82]
[316694.47495, 3.0, -0.577, -2.185, 9.44]
[316694.47495, 3.0, -0.577, -2.185, 9.44]
[316694.47495, 3.0, -0.577, -2.185, 9.44]
[316694.47495, 3.0, -0.577, -2.185, 9.44]
[316694.47495, 3.0, -0.577, -2.185, 9.44]
[316694.47495, 3.0, -0.577, -2.185, 9.44]
[316694.47495, 3.0, -0.577, -2.185, 9.44]
[316694.47495, 3.0, -0.577, -2.185, 9.44]
[316694.47495, 3.0, -0.577, -2.185, 9.44]
[316694.47495, 3.0, -0.577, -2.185, 9.44]
[316694.47495, 3.0, -0.577, -2.185, 9.44]
[316694.47495, 3.0, -0.577, -2.185, 9.44]
[316694.47495, 3.0, -0.577, -2.185, 9.44]
[316694.47495, 3.0, -0.577, -2.185, 9.44]
[316694.47495, 3.0, -0.577, -2.185, 9.44]
[316694.47495, 3.0, -0.577, -2.185, 9.44]
[316694.47495, 3.0, -0.577, -2.185, 9.44]
[316694.47495, 3.0, -0.577, -2.185, 9.44]
[316694.47495, 3.0, -0.577, -2.185, 9.44]
[316694.47495, 3.0, -0.577, -2.185, 9.44]
[316694.47495, 3.0, -0.577, -2.185, 9.44]
[316694.47495, 3.0, -0.577, -2.185, 9.44]
[316694.47495, 3.0, -0.577, -2.185, 9.44]
[316694.47495, 3.0, -0.577, -2.185, 9.44]
[316694.47495, 3.0, -0.577, -2.185, 9.44]
[316694.47495, 3.0, -0.577, -2.185, 9.44]
[316694.47495, 3.0, -0.577, -2.185, 9.44]
[316694.47495, 3.0, -0.577, -2.185, 9.44]
[316694.47495, 3.0, -0.577, -2.185, 9.44]
[316694.47495, 3.0, -0.577, -2.185, 9.44]
[316694.59213, 3.0, -1.311, -1.856, 9.451]
[316694.59213, 3.0, -1.311, -1.856, 9.451]
[316694.59213, 3.0, -1.311, -1.856, 9.451]
[316694.59213, 3.0, -1.311, -1.856, 9.451]
[316694.59213, 3.0, -1.311, -1.856, 9.451]
[316694.59213, 3.0, -1.311, -1.856, 9.451]
[316694.59213, 3.0, -1.311, -1.856, 9.451]
[316694.59213, 3.0, -1.311, -1.856, 9.451]
[316694.59213, 3.0, -1.311, -1.856, 9.451]
[316694.59213, 3.0, -1.311, -1.856, 9.451]
[316694.59213, 3.0, -1.311, -1.856, 9.451]
[316694.59213, 3.0, -1.311, -1.856, 9.451]
[316694.59213, 3.0, -1.311, -1.856, 9.451]
[316694.59213, 3.0, -1.311, -1.856, 9.451]
[316694.59213, 3.0, -1.311, -1.856, 9.451]
[316694.59213, 3.0, -1.311, -1.856, 9.451]
[316694.59213, 3.0, -1.311, -1.856, 9.451]
[316694.59213, 3.0, -1.311, -1.856, 9.451]
[316694.59213, 3.0, -1.311, -1.856, 9.451]
[316694.59213, 3.0, -1.311, -1.856, 9.451]
[316694.59213, 3.0, -1.311, -1.856, 9.451]
[316694.59213, 3.0, -1.311, -1.856, 9.451]
[316694.59213, 3.0, -1.311, -1.856, 9.451]
[316694.59213, 3.0, -1.311, -1.856, 9.451]
[316694.59213, 3.0, -1.311, -1.856, 9.451]
[316694.59213, 3.0, -1.311, -1.856, 9.451]
[316694.59213, 3.0, -1.311, -1.856, 9.451]
[316694.59213, 3.0, -1.311, -1.856, 9.451]
[316694.59213, 3.0, -1.311, -1.856, 9.451]
[316694.59213, 3.0, -1.311, -1.856, 9.451]
[316694.71033, 3.0, 1.304, -0.813, 9.465]
[316694.71033, 3.0, 1.304, -0.813, 9.465]
[316694.71033, 3.0, 1.304, -0.813, 9.465]
[316694.71033, 3.0, 1.304, -0.813, 9.465]
[316694.71033, 3.0, 1.304, -0.813, 9.465]
[316694.71033, 3.0, 1.304, -0.813, 9.465]
[316694.71033, 3.0, 1.304, -0.813, 9.465]
[316694.71033, 3.0, 1.304, -0.813, 9.465]
[316694.71033, 3.0, 1.304, -0.813, 9.465]
[316694.71033, 3.0, 1.304, -0.813, 9.465]
[316694.71033, 3.0, 1.304, -0.813, 9.465]
[316694.71033, 3.0, 1.304, -0.813, 9.465]
[316694.71033, 3.0, 1.304, -0.813, 9.465]
[316694.71033, 3.0, 1.304, -0.813, 9.465]
[316694.71033, 3.0, 1.304, -0.813, 9.465]
[316694.71033, 3.0, 1.304, -0.813, 9.465]
[316694.71033, 3.0, 1.304, -0.813, 9.465]
[316694.71033, 3.0, 1.304, -0.813, 9.465]
[316694.71033, 3.0, 1.304, -0.813, 9.465]
[316694.71033, 3.0, 1.304, -0.813, 9.465]
[316694.71033, 3.0, 1.304, -0.813, 9.465]
[316694.71033, 3.0, 1.304, -0.813, 9.465]
[316694.71033, 3.0, 1.304, -0.813, 9.465]
[316694.71033, 3.0, 1.304, -0.813, 9.465]
[316694.71033, 3.0, 1.304, -0.813, 9.465]
[316694.71033, 3.0, 1.304, -0.813, 9.465]
[316694.71033, 3.0, 1.304, -0.813, 9.465]
[316694.71033, 3.0, 1.304, -0.813, 9.465]
[316694.71033, 3.0, 1.304, -0.813, 9.465]
[316694.71033, 3.0, 1.304, -0.813, 9.465]
[316694.76935, 3.0, 1.364, -0.481, 9.548]
[316694.76935, 3.0, 1.364, -0.481, 9.548]
[316694.76935, 3.0, 1.364, -0.481, 9.548]
[316694.76935, 3.0, 1.364, -0.481, 9.548]
[316694.76935, 3.0, 1.364, -0.481, 9.548]
[316694.76935, 3.0, 1.364, -0.481, 9.548]
[316694.76935, 3.0, 1.364, -0.481, 9.548]
[316694.76935, 3.0, 1.364, -0.481, 9.548]
[316694.76935, 3.0, 1.364, -0.481, 9.548]
[316694.76935, 3.0, 1.364, -0.481, 9.548]
[316694.76935, 3.0, 1.364, -0.481, 9.548]
[316694.76935, 3.0, 1.364, -0.481, 9.548]
[316694.76935, 3.0, 1.364, -0.481, 9.548]
[316694.76935, 3.0, 1.364, -0.481, 9.548]
[316694.76935, 3.0, 1.364, -0.481, 9.548]
[316694.76935, 3.0, 1.364, -0.481, 9.548]
[316694.76935, 3.0, 1.364, -0.481, 9.548]
[316694.76935, 3.0, 1.364, -0.481, 9.548]
[316694.76935, 3.0, 1.364, -0.481, 9.548]
[316694.76935, 3.0, 1.364, -0.481, 9.548]
[316694.76935, 3.0, 1.364, -0.481, 9.548]
[316694.76935, 3.0, 1.364, -0.481, 9.548]
[316694.76935, 3.0, 1.364, -0.481, 9.548]
[316694.76935, 3.0, 1.364, -0.481, 9.548]
[316694.76935, 3.0, 1.364, -0.481, 9.548]
[316694.76935, 3.0, 1.364, -0.481, 9.548]
[316694.76935, 3.0, 1.364, -0.481, 9.548]
[316694.76935, 3.0, 1.364, -0.481, 9.548]
[316694.76935, 3.0, 1.364, -0.481, 9.548]
[316694.76935, 3.0, 1.364, -0.481, 9.548]
[316695.00485, 3.0, 1.236, -0.592, 9.689]
[316695.00485, 3.0, 1.236, -0.592, 9.689]
[316695.00485, 3.0, 1.236, -0.592, 9.689]
[316695.00485, 3.0, 1.236, -0.592, 9.689]
[316695.00485, 3.0, 1.236, -0.592, 9.689]
[316695.00485, 3.0, 1.236, -0.592, 9.689]
[316695.00485, 3.0, 1.236, -0.592, 9.689]
[316695.00485, 3.0, 1.236, -0.592, 9.689]
[316695.00485, 3.0, 1.236, -0.592, 9.689]
[316695.00485, 3.0, 1.236, -0.592, 9.689]
[316695.00485, 3.0, 1.236, -0.592, 9.689]
[316695.00485, 3.0, 1.236, -0.592, 9.689]
[316695.00485, 3.0, 1.236, -0.592, 9.689]
[316695.00485, 3.0, 1.236, -0.592, 9.689]
[316695.00485, 3.0, 1.236, -0.592, 9.689]
[316695.00485, 3.0, 1.236, -0.592, 9.689]
[316695.00485, 3.0, 1.236, -0.592, 9.689]
[316695.00485, 3.0, 1.236, -0.592, 9.689]
[316695.00485, 3.0, 1.236, -0.592, 9.689]
[316695.00485, 3.0, 1.236, -0.592, 9.689]
[316695.00485, 3.0, 1.236, -0.592, 9.689]
[316695.00485, 3.0, 1.236, -0.592, 9.689]
[316695.00485, 3.0, 1.236, -0.592, 9.689]
[316695.00485, 3.0, 1.236, -0.592, 9.689]
[316695.00485, 3.0, 1.236, -0.592, 9.689]
[316695.00485, 3.0, 1.236, -0.592, 9.689]
[316695.00485, 3.0, 1.236, -0.592, 9.689]
[316695.00485, 3.0, 1.236, -0.592, 9.689]
[316695.00485, 3.0, 1.236, -0.592, 9.689]
[316695.00485, 3.0, 1.236, -0.592, 9.689]
[316695.2413, 3.0, 1.524, -0.784, 9.837]
[316695.2413, 3.0, 1.524, -0.784, 9.837]
[316695.2413, 3.0, 1.524, -0.784, 9.837]
[316695.2413, 3.0, 1.524, -0.784, 9.837]
[316695.2413, 3.0, 1.524, -0.784, 9.837]
[316695.2413, 3.0, 1.524, -0.784, 9.837]
[316695.2413, 3.0, 1.524, -0.784, 9.837]
[316695.2413, 3.0, 1.524, -0.784, 9.837]
[316695.2413, 3.0, 1.524, -0.784, 9.837]
[316695.2413, 3.0, 1.524, -0.784, 9.837]
[316695.2413, 3.0, 1.524, -0.784, 9.837]
[316695.2413, 3.0, 1.524, -0.784, 9.837]
[316695.2413, 3.0, 1.524, -0.784, 9.837]
[316695.2413, 3.0, 1.524, -0.784, 9.837]
[316695.2413, 3.0, 1.524, -0.784, 9.837]
[316695.2413, 3.0, 1.524, -0.784, 9.837]
[316695.2413, 3.0, 1.524, -0.784, 9.837]
[316695.2413, 3.0, 1.524, -0.784, 9.837]
[316695.2413, 3.0, 1.524, -0.784, 9.837]
[316695.2413, 3.0, 1.524, -0.784, 9.837]
[316695.2413, 3.0, 1.524, -0.784, 9.837]
[316695.2413, 3.0, 1.524, -0.784, 9.837]
[316695.2413, 3.0, 1.524, -0.784, 9.837]
[316695.2413, 3.0, 1.524, -0.784, 9.837]
[316695.2413, 3.0, 1.524, -0.784, 9.837]
[316695.2413, 3.0, 1.524, -0.784, 9.837]
[316695.2413, 3.0, 1.524, -0.784, 9.837]
[316695.2413, 3.0, 1.524, -0.784, 9.837]
[316695.2413, 3.0, 1.524, -0.784, 9.837]
[316695.2413, 3.0, 1.524, -0.784, 9.837]
[316695.30032, 3.0, 1.75, -1.356, 16.467]
[316695.30032, 3.0, 1.75, -1.356, 16.467]
[316695.30032, 3.0, 1.75, -1.356, 16.467]
[316695.30032, 3.0, 1.75, -1.356, 16.467]
[316695.30032, 3.0, 1.75, -1.356, 16.467]
[316695.30032, 3.0, 1.75, -1.356, 16.467]
[316695.30032, 3.0, 1.75, -1.356, 16.467]
[316695.30032, 3.0, 1.75, -1.356, 16.467]
[316695.30032, 3.0, 1.75, -1.356, 16.467]
[316695.30032, 3.0, 1.75, -1.356, 16.467]
[316695.30032, 3.0, 1.75, -1.356, 16.467]
[316695.30032, 3.0, 1.75, -1.356, 16.467]
[316695.30032, 3.0, 1.75, -1.356, 16.467]
[316695.30032, 3.0, 1.75, -1.356, 16.467]
[316695.30032, 3.0, 1.75, -1.356, 16.467]
[316695.30032, 3.0, 1.75, -1.356, 16.467]
[316695.30032, 3.0, 1.75, -1.356, 16.467]
[316695.30032, 3.0, 1.75, -1.356, 16.467]
[316695.30032, 3.0, 1.75, -1.356, 16.467]
[316695.30032, 3.0, 1.75, -1.356, 16.467]
[316695.30032, 3.0, 1.75, -1.356, 16.467]
[316695.30032, 3.0, 1.75, -1.356, 16.467]
[316695.30032, 3.0, 1.75, -1.356, 16.467]
[316695.30032, 3.0, 1.75, -1.356, 16.467]
[316695.30032, 3.0, 1.75, -1.356, 16.467]
[316695.30032, 3.0, 1.75, -1.356, 16.467]
[316695.30032, 3.0, 1.75, -1.356, 16.467]
[316695.30032, 3.0, 1.75, -1.356, 16.467]
[316695.30032, 3.0, 1.75, -1.356, 16.467]
[316695.30032, 3.0, 1.75, -1.356, 16.467]
[316695.35928, 3.0, 6.613, -1.532, 24.969]
[316695.35928, 3.0, 6.613, -1.532, 24.969]
[316695.35928, 3.0, 6.613, -1.532, 24.969]
[316695.35928, 3.0, 6.613, -1.532, 24.969]
[316695.35928, 3.0, 6.613, -1.532, 24.969]
[316695.35928, 3.0, 6.613, -1.532, 24.969]
[316695.35928, 3.0, 6.613, -1.532, 24.969]
[316695.35928, 3.0, 6.613, -1.532, 24.969]
[316695.35928, 3.0, 6.613, -1.532, 24.969]
[316695.35928, 3.0, 6.613, -1.532, 24.969]
[316695.35928, 3.0, 6.613, -1.532, 24.969]
[316695.35928, 3.0, 6.613, -1.532, 24.969]
[316695.35928, 3.0, 6.613, -1.532, 24.969]
[316695.35928, 3.0, 6.613, -1.532, 24.969]
[316695.35928, 3.0, 6.613, -1.532, 24.969]
[316695.35928, 3.0, 6.613, -1.532, 24.969]
[316695.35928, 3.0, 6.613, -1.532, 24.969]
[316695.35928, 3.0, 6.613, -1.532, 24.969]
[316695.35928, 3.0, 6.613, -1.532, 24.969]
[316695.35928, 3.0, 6.613, -1.532, 24.969]
[316695.35928, 3.0, 6.613, -1.532, 24.969]
[316695.35928, 3.0, 6.613, -1.532, 24.969]
[316695.35928, 3.0, 6.613, -1.532, 24.969]
[316695.35928, 3.0, 6.613, -1.532, 24.969]
[316695.35928, 3.0, 6.613, -1.532, 24.969]
[316695.35928, 3.0, 6.613, -1.532, 24.969]
[316695.35928, 3.0, 6.613, -1.532, 24.969]
[316695.35928, 3.0, 6.613, -1.532, 24.969]
[316695.35928, 3.0, 6.613, -1.532, 24.969]
[316695.35928, 3.0, 6.613, -1.532, 24.969]
[316695.41812, 3.0, 3.732, -4.349, 6.944]
[316695.41812, 3.0, 3.732, -4.349, 6.944]
[316695.41812, 3.0, 3.732, -4.349, 6.944]
[316695.41812, 3.0, 3.732, -4.349, 6.944]
[316695.41812, 3.0, 3.732, -4.349, 6.944]
[316695.41812, 3.0, 3.732, -4.349, 6.944]
[316695.41812, 3.0, 3.732, -4.349, 6.944]
[316695.41812, 3.0, 3.732, -4.349, 6.944]
[316695.41812, 3.0, 3.732, -4.349, 6.944]
[316695.41812, 3.0, 3.732, -4.349, 6.944]
[316695.41812, 3.0, 3.732, -4.349, 6.944]
[316695.41812, 3.0, 3.732, -4.349, 6.944]
[316695.41812, 3.0, 3.732, -4.349, 6.944]
[316695.41812, 3.0, 3.732, -4.349, 6.944]
[316695.41812, 3.0, 3.732, -4.349, 6.944]
[316695.41812, 3.0, 3.732, -4.349, 6.944]
[316695.41812, 3.0, 3.732, -4.349, 6.944]
[316695.41812, 3.0, 3.732, -4.349, 6.944]
[316695.41812, 3.0, 3.732, -4.349, 6.944]
[316695.41812, 3.0, 3.732, -4.349, 6.944]
[316695.41812, 3.0, 3.732, -4.349, 6.944]
[316695.41812, 3.0, 3.732, -4.349, 6.944]
[316695.41812, 3.0, 3.732, -4.349, 6.944]
[316695.41812, 3.0, 3.732, -4.349, 6.944]
[316695.41812, 3.0, 3.732, -4.349, 6.944]
[316695.41812, 3.0, 3.732, -4.349, 6.944]
[316695.41812, 3.0, 3.732, -4.349, 6.944]
[316695.41812, 3.0, 3.732, -4.349, 6.944]
[316695.41812, 3.0, 3.732, -4.349, 6.944]
[316695.41812, 3.0, 3.732, -4.349, 6.944]
[316695.47726, 3.0, -9.092, -2.68, -5.333]
[316695.47726, 3.0, -9.092, -2.68, -5.333]
[316695.47726, 3.0, -9.092, -2.68, -5.333]
[316695.47726, 3.0, -9.092, -2.68, -5.333]
[316695.47726, 3.0, -9.092, -2.68, -5.333]
[316695.47726, 3.0, -9.092, -2.68, -5.333]
[316695.47726, 3.0, -9.092, -2.68, -5.333]
[316695.47726, 3.0, -9.092, -2.68, -5.333]
[316695.47726, 3.0, -9.092, -2.68, -5.333]
[316695.47726, 3.0, -9.092, -2.68, -5.333]
[316695.47726, 3.0, -9.092, -2.68, -5.333]
[316695.47726, 3.0, -9.092, -2.68, -5.333]
[316695.47726, 3.0, -9.092, -2.68, -5.333]
[316695.47726, 3.0, -9.092, -2.68, -5.333]
[316695.47726, 3.0, -9.092, -2.68, -5.333]
[316695.47726, 3.0, -9.092, -2.68, -5.333]
[316695.47726, 3.0, -9.092, -2.68, -5.333]
[316695.47726, 3.0, -9.092, -2.68, -5.333]
[316695.47726, 3.0, -9.092, -2.68, -5.333]
[316695.47726, 3.0, -9.092, -2.68, -5.333]
[316695.47726, 3.0, -9.092, -2.68, -5.333]
[316695.47726, 3.0, -9.092, -2.68, -5.333]
[316695.47726, 3.0, -9.092, -2.68, -5.333]
[316695.47726, 3.0, -9.092, -2.68, -5.333]
[316695.47726, 3.0, -9.092, -2.68, -5.333]
[316695.47726, 3.0, -9.092, -2.68, -5.333]
[316695.47726, 3.0, -9.092, -2.68, -5.333]
[316695.47726, 3.0, -9.092, -2.68, -5.333]
[316695.47726, 3.0, -9.092, -2.68, -5.333]
[316695.47726, 3.0, -9.092, -2.68, -5.333]
[316695.53632, 3.0, -7.613, -2.788, -11.01]
[316695.53632, 3.0, -7.613, -2.788, -11.01]
[316695.53632, 3.0, -7.613, -2.788, -11.01]
[316695.53632, 3.0, -7.613, -2.788, -11.01]
[316695.53632, 3.0, -7.613, -2.788, -11.01]
[316695.53632, 3.0, -7.613, -2.788, -11.01]
[316695.53632, 3.0, -7.613, -2.788, -11.01]
[316695.53632, 3.0, -7.613, -2.788, -11.01]
[316695.53632, 3.0, -7.613, -2.788, -11.01]
[316695.53632, 3.0, -7.613, -2.788, -11.01]
[316695.53632, 3.0, -7.613, -2.788, -11.01]
[316695.53632, 3.0, -7.613, -2.788, -11.01]
[316695.53632, 3.0, -7.613, -2.788, -11.01]
[316695.53632, 3.0, -7.613, -2.788, -11.01]
[316695.53632, 3.0, -7.613, -2.788, -11.01]
[316695.53632, 3.0, -7.613, -2.788, -11.01]
[316695.53632, 3.0, -7.613, -2.788, -11.01]
[316695.53632, 3.0, -7.613, -2.788, -11.01]
[316695.53632, 3.0, -7.613, -2.788, -11.01]
[316695.53632, 3.0, -7.613, -2.788, -11.01]
[316695.53632, 3.0, -7.613, -2.788, -11.01]
[316695.53632, 3.0, -7.613, -2.788, -11.01]
[316695.53632, 3.0, -7.613, -2.788, -11.01]
[316695.53632, 3.0, -7.613, -2.788, -11.01]
[316695.53632, 3.0, -7.613, -2.788, -11.01]
[316695.53632, 3.0, -7.613, -2.788, -11.01]
[316695.53632, 3.0, -7.613, -2.788, -11.01]
[316695.53632, 3.0, -7.613, -2.788, -11.01]
[316695.53632, 3.0, -7.613, -2.788, -11.01]
[316695.53632, 3.0, -7.613, -2.788, -11.01]
[316695.59528, 3.0, 27.433, 3.867, 7.777]
[316695.59528, 3.0, 27.433, 3.867, 7.777]
[316695.59528, 3.0, 27.433, 3.867, 7.777]
[316695.59528, 3.0, 27.433, 3.867, 7.777]
[316695.59528, 3.0, 27.433, 3.867, 7.777]
[316695.59528, 3.0, 27.433, 3.867, 7.777]
[316695.59528, 3.0, 27.433, 3.867, 7.777]
[316695.59528, 3.0, 27.433, 3.867, 7.777]
[316695.59528, 3.0, 27.433, 3.867, 7.777]
[316695.59528, 3.0, 27.433, 3.867, 7.777]
[316695.59528, 3.0, 27.433, 3.867, 7.777]
[316695.59528, 3.0, 27.433, 3.867, 7.777]
[316695.59528, 3.0, 27.433, 3.867, 7.777]
[316695.59528, 3.0, 27.433, 3.867, 7.777]
[316695.59528, 3.0, 27.433, 3.867, 7.777]
[316695.59528, 3.0, 27.433, 3.867, 7.777]
[316695.59528, 3.0, 27.433, 3.867, 7.777]
[316695.59528, 3.0, 27.433, 3.867, 7.777]
[316695.59528, 3.0, 27.433, 3.867, 7.777]
[316695.59528, 3.0, 27.433, 3.867, 7.777]
[316695.59528, 3.0, 27.433, 3.867, 7.777]
[316695.59528, 3.0, 27.433, 3.867, 7.777]
[316695.59528, 3.0, 27.433, 3.867, 7.777]
[316695.59528, 3.0, 27.433, 3.867, 7.777]
[316695.59528, 3.0, 27.433, 3.867, 7.777]
[316695.59528, 3.0, 27.433, 3.867, 7.777]
[316695.59528, 3.0, 27.433, 3.867, 7.777]
[316695.59528, 3.0, 27.433, 3.867, 7.777]
[316695.59528, 3.0, 27.433, 3.867, 7.777]
[316695.59528, 3.0, 27.433, 3.867, 7.777]
[316695.65424, 3.0, 13.608, 2.515, 18.076]
[316695.65424, 3.0, 13.608, 2.515, 18.076]
[316695.65424, 3.0, 13.608, 2.515, 18.076]
[316695.65424, 3.0, 13.608, 2.515, 18.076]
[316695.65424, 3.0, 13.608, 2.515, 18.076]
[316695.65424, 3.0, 13.608, 2.515, 18.076]
[316695.65424, 3.0, 13.608, 2.515, 18.076]
[316695.65424, 3.0, 13.608, 2.515, 18.076]
[316695.65424, 3.0, 13.608, 2.515, 18.076]
[316695.65424, 3.0, 13.608, 2.515, 18.076]
[316695.65424, 3.0, 13.608, 2.515, 18.076]
[316695.65424, 3.0, 13.608, 2.515, 18.076]
[316695.65424, 3.0, 13.608, 2.515, 18.076]
[316695.65424, 3.0, 13.608, 2.515, 18.076]
[316695.65424, 3.0, 13.608, 2.515, 18.076]
[316695.65424, 3.0, 13.608, 2.515, 18.076]
[316695.65424, 3.0, 13.608, 2.515, 18.076]
[316695.65424, 3.0, 13.608, 2.515, 18.076]
[316695.65424, 3.0, 13.608, 2.515, 18.076]
[316695.65424, 3.0, 13.608, 2.515, 18.076]
[316695.65424, 3.0, 13.608, 2.515, 18.076]
[316695.65424, 3.0, 13.608, 2.515, 18.076]
[316695.65424, 3.0, 13.608, 2.515, 18.076]
[316695.65424, 3.0, 13.608, 2.515, 18.076]
[316695.65424, 3.0, 13.608, 2.515, 18.076]
[316695.65424, 3.0, 13.608, 2.515, 18.076]
[316695.65424, 3.0, 13.608, 2.515, 18.076]
[316695.65424, 3.0, 13.608, 2.515, 18.076]
[316695.65424, 3.0, 13.608, 2.515, 18.076]
[316695.65424, 3.0, 13.608, 2.515, 18.076]
[316695.71326, 3.0, 0.222, 3.033, 1.816]
[316695.71326, 3.0, 0.222, 3.033, 1.816]
[316695.71326, 3.0, 0.222, 3.033, 1.816]
[316695.71326, 3.0, 0.222, 3.033, 1.816]
[316695.71326, 3.0, 0.222, 3.033, 1.816]
[316695.71326, 3.0, 0.222, 3.033, 1.816]
[316695.71326, 3.0, 0.222, 3.033, 1.816]
[316695.71326, 3.0, 0.222, 3.033, 1.816]
[316695.71326, 3.0, 0.222, 3.033, 1.816]
[316695.71326, 3.0, 0.222, 3.033, 1.816]
[316695.71326, 3.0, 0.222, 3.033, 1.816]
[316695.71326, 3.0, 0.222, 3.033, 1.816]
[316695.71326, 3.0, 0.222, 3.033, 1.816]
[316695.71326, 3.0, 0.222, 3.033, 1.816]
[316695.71326, 3.0, 0.222, 3.033, 1.816]
[316695.71326, 3.0, 0.222, 3.033, 1.816]
[316695.71326, 3.0, 0.222, 3.033, 1.816]
[316695.71326, 3.0, 0.222, 3.033, 1.816]
[316695.71326, 3.0, 0.222, 3.033, 1.816]
[316695.71326, 3.0, 0.222, 3.033, 1.816]
[316695.71326, 3.0, 0.222, 3.033, 1.816]
[316695.71326, 3.0, 0.222, 3.033, 1.816]
[316695.71326, 3.0, 0.222, 3.033, 1.816]
[316695.71326, 3.0, 0.222, 3.033, 1.816]
[316695.71326, 3.0, 0.222, 3.033, 1.816]
[316695.71326, 3.0, 0.222, 3.033, 1.816]
[316695.71326, 3.0, 0.222, 3.033, 1.816]
[316695.71326, 3.0, 0.222, 3.033, 1.816]
[316695.71326, 3.0, 0.222, 3.033, 1.816]
[316695.71326, 3.0, 0.222, 3.033, 1.816]
[316695.77222, 3.0, -0.389, 4.652, 0.917]
[316695.77222, 3.0, -0.389, 4.652, 0.917]
[316695.77222, 3.0, -0.389, 4.652, 0.917]
[316695.77222, 3.0, -0.389, 4.652, 0.917]
[316695.77222, 3.0, -0.389, 4.652, 0.917]
[316695.77222, 3.0, -0.389, 4.652, 0.917]
[316695.77222, 3.0, -0.389, 4.652, 0.917]
[316695.77222, 3.0, -0.389, 4.652, 0.917]
[316695.77222, 3.0, -0.389, 4.652, 0.917]
[316695.77222, 3.0, -0.389, 4.652, 0.917]
[316695.77222, 3.0, -0.389, 4.652, 0.917]
[316695.77222, 3.0, -0.389, 4.652, 0.917]
[316695.77222, 3.0, -0.389, 4.652, 0.917]
[316695.77222, 3.0, -0.389, 4.652, 0.917]
[316695.77222, 3.0, -0.389, 4.652, 0.917]
[316695.77222, 3.0, -0.389, 4.652, 0.917]
[316695.77222, 3.0, -0.389, 4.652, 0.917]
[316695.77222, 3.0, -0.389, 4.652, 0.917]
[316695.77222, 3.0, -0.389, 4.652, 0.917]
[316695.77222, 3.0, -0.389, 4.652, 0.917]
[316695.77222, 3.0, -0.389, 4.652, 0.917]
[316695.77222, 3.0, -0.389, 4.652, 0.917]
[316695.77222, 3.0, -0.389, 4.652, 0.917]
[316695.77222, 3.0, -0.389, 4.652, 0.917]
[316695.77222, 3.0, -0.389, 4.652, 0.917]
[316695.77222, 3.0, -0.389, 4.652, 0.917]
[316695.77222, 3.0, -0.389, 4.652, 0.917]
[316695.77222, 3.0, -0.389, 4.652, 0.917]
[316695.77222, 3.0, -0.389, 4.652, 0.917]
[316695.77222, 3.0, -0.389, 4.652, 0.917]
[316695.83127, 3.0, 3.417, 5.739, 4.607]
[316695.83127, 3.0, 3.417, 5.739, 4.607]
[316695.83127, 3.0, 3.417, 5.739, 4.607]
[316695.83127, 3.0, 3.417, 5.739, 4.607]
[316695.83127, 3.0, 3.417, 5.739, 4.607]
[316695.83127, 3.0, 3.417, 5.739, 4.607]
[316695.83127, 3.0, 3.417, 5.739, 4.607]
[316695.83127, 3.0, 3.417, 5.739, 4.607]
[316695.83127, 3.0, 3.417, 5.739, 4.607]
[316695.83127, 3.0, 3.417, 5.739, 4.607]
[316695.83127, 3.0, 3.417, 5.739, 4.607]
[316695.83127, 3.0, 3.417, 5.739, 4.607]
[316695.83127, 3.0, 3.417, 5.739, 4.607]
[316695.83127, 3.0, 3.417, 5.739, 4.607]
[316695.83127, 3.0, 3.417, 5.739, 4.607]
[316695.83127, 3.0, 3.417, 5.739, 4.607]
[316695.83127, 3.0, 3.417, 5.739, 4.607]
[316695.83127, 3.0, 3.417, 5.739, 4.607]
[316695.83127, 3.0, 3.417, 5.739, 4.607]
[316695.83127, 3.0, 3.417, 5.739, 4.607]
[316695.83127, 3.0, 3.417, 5.739, 4.607]
[316695.83127, 3.0, 3.417, 5.739, 4.607]
[316695.83127, 3.0, 3.417, 5.739, 4.607]
[316695.83127, 3.0, 3.417, 5.739, 4.607]
[316695.83127, 3.0, 3.417, 5.739, 4.607]
[316695.83127, 3.0, 3.417, 5.739, 4.607]
[316695.83127, 3.0, 3.417, 5.739, 4.607]
[316695.83127, 3.0, 3.417, 5.739, 4.607]
[316695.83127, 3.0, 3.417, 5.739, 4.607]
[316695.83127, 3.0, 3.417, 5.739, 4.607]
[316695.89023, 3.0, 5.883, 6.043, 7.218]
[316695.89023, 3.0, 5.883, 6.043, 7.218]
[316695.89023, 3.0, 5.883, 6.043, 7.218]
[316695.89023, 3.0, 5.883, 6.043, 7.218]
[316695.89023, 3.0, 5.883, 6.043, 7.218]
[316695.89023, 3.0, 5.883, 6.043, 7.218]
[316695.89023, 3.0, 5.883, 6.043, 7.218]
[316695.89023, 3.0, 5.883, 6.043, 7.218]
[316695.89023, 3.0, 5.883, 6.043, 7.218]
[316695.89023, 3.0, 5.883, 6.043, 7.218]
[316695.89023, 3.0, 5.883, 6.043, 7.218]
[316695.89023, 3.0, 5.883, 6.043, 7.218]
[316695.89023, 3.0, 5.883, 6.043, 7.218]
[316695.89023, 3.0, 5.883, 6.043, 7.218]
[316695.89023, 3.0, 5.883, 6.043, 7.218]
[316695.89023, 3.0, 5.883, 6.043, 7.218]
[316695.89023, 3.0, 5.883, 6.043, 7.218]
[316695.89023, 3.0, 5.883, 6.043, 7.218]
[316695.89023, 3.0, 5.883, 6.043, 7.218]
[316695.89023, 3.0, 5.883, 6.043, 7.218]
[316695.89023, 3.0, 5.883, 6.043, 7.218]
[316695.89023, 3.0, 5.883, 6.043, 7.218]
[316695.89023, 3.0, 5.883, 6.043, 7.218]
[316695.89023, 3.0, 5.883, 6.043, 7.218]
[316695.89023, 3.0, 5.883, 6.043, 7.218]
[316695.89023, 3.0, 5.883, 6.043, 7.218]
[316695.89023, 3.0, 5.883, 6.043, 7.218]
[316695.89023, 3.0, 5.883, 6.043, 7.218]
[316695.89023, 3.0, 5.883, 6.043, 7.218]
[316695.89023, 3.0, 5.883, 6.043, 7.218]
[316695.94919, 3.0, 6.412, 6.157, 6.756]
[316695.94919, 3.0, 6.412, 6.157, 6.756]
[316695.94919, 3.0, 6.412, 6.157, 6.756]
[316695.94919, 3.0, 6.412, 6.157, 6.756]
[316695.94919, 3.0, 6.412, 6.157, 6.756]
[316695.94919, 3.0, 6.412, 6.157, 6.756]
[316695.94919, 3.0, 6.412, 6.157, 6.756]
[316695.94919, 3.0, 6.412, 6.157, 6.756]
[316695.94919, 3.0, 6.412, 6.157, 6.756]
[316695.94919, 3.0, 6.412, 6.157, 6.756]
[316695.94919, 3.0, 6.412, 6.157, 6.756]
[316695.94919, 3.0, 6.412, 6.157, 6.756]
[316695.94919, 3.0, 6.412, 6.157, 6.756]
[316695.94919, 3.0, 6.412, 6.157, 6.756]
[316695.94919, 3.0, 6.412, 6.157, 6.756]
[316695.94919, 3.0, 6.412, 6.157, 6.756]
[316695.94919, 3.0, 6.412, 6.157, 6.756]
[316695.94919, 3.0, 6.412, 6.157, 6.756]
[316695.94919, 3.0, 6.412, 6.157, 6.756]
[316695.94919, 3.0, 6.412, 6.157, 6.756]
[316695.94919, 3.0, 6.412, 6.157, 6.756]
[316695.94919, 3.0, 6.412, 6.157, 6.756]
[316695.94919, 3.0, 6.412, 6.157, 6.756]
[316695.94919, 3.0, 6.412, 6.157, 6.756]
[316695.94919, 3.0, 6.412, 6.157, 6.756]
[316695.94919, 3.0, 6.412, 6.157, 6.756]
[316695.94919, 3.0, 6.412, 6.157, 6.756]
[316695.94919, 3.0, 6.412, 6.157, 6.756]
[316695.94919, 3.0, 6.412, 6.157, 6.756]
[316695.94919, 3.0, 6.412, 6.157, 6.756]
[316696.00824, 3.0, 5.648, 5.593, 5.766]
[316696.00824, 3.0, 5.648, 5.593, 5.766]
[316696.00824, 3.0, 5.648, 5.593, 5.766]
[316696.00824, 3.0, 5.648, 5.593, 5.766]
[316696.00824, 3.0, 5.648, 5.593, 5.766]
[316696.00824, 3.0, 5.648, 5.593, 5.766]
[316696.00824, 3.0, 5.648, 5.593, 5.766]
[316696.00824, 3.0, 5.648, 5.593, 5.766]
[316696.00824, 3.0, 5.648, 5.593, 5.766]
[316696.00824, 3.0, 5.648, 5.593, 5.766]
[316696.00824, 3.0, 5.648, 5.593, 5.766]
[316696.00824, 3.0, 5.648, 5.593, 5.766]
[316696.00824, 3.0, 5.648, 5.593, 5.766]
[316696.00824, 3.0, 5.648, 5.593, 5.766]
[316696.00824, 3.0, 5.648, 5.593, 5.766]
[316696.00824, 3.0, 5.648, 5.593, 5.766]
[316696.00824, 3.0, 5.648, 5.593, 5.766]
[316696.00824, 3.0, 5.648, 5.593, 5.766]
[316696.00824, 3.0, 5.648, 5.593, 5.766]
[316696.00824, 3.0, 5.648, 5.593, 5.766]
[316696.00824, 3.0, 5.648, 5.593, 5.766]
[316696.00824, 3.0, 5.648, 5.593, 5.766]
[316696.00824, 3.0, 5.648, 5.593, 5.766]
[316696.00824, 3.0, 5.648, 5.593, 5.766]
[316696.00824, 3.0, 5.648, 5.593, 5.766]
[316696.00824, 3.0, 5.648, 5.593, 5.766]
[316696.00824, 3.0, 5.648, 5.593, 5.766]
[316696.00824, 3.0, 5.648, 5.593, 5.766]
[316696.00824, 3.0, 5.648, 5.593, 5.766]
[316696.00824, 3.0, 5.648, 5.593, 5.766]
[316696.0672, 3.0, 5.498, 5.575, 5.055]
[316696.0672, 3.0, 5.498, 5.575, 5.055]
[316696.0672, 3.0, 5.498, 5.575, 5.055]
[316696.0672, 3.0, 5.498, 5.575, 5.055]
[316696.0672, 3.0, 5.498, 5.575, 5.055]
[316696.0672, 3.0, 5.498, 5.575, 5.055]
[316696.0672, 3.0, 5.498, 5.575, 5.055]
[316696.0672, 3.0, 5.498, 5.575, 5.055]
[316696.0672, 3.0, 5.498, 5.575, 5.055]
[316696.0672, 3.0, 5.498, 5.575, 5.055]
[316696.0672, 3.0, 5.498, 5.575, 5.055]
[316696.0672, 3.0, 5.498, 5.575, 5.055]
[316696.0672, 3.0, 5.498, 5.575, 5.055]
[316696.0672, 3.0, 5.498, 5.575, 5.055]
[316696.0672, 3.0, 5.498, 5.575, 5.055]
[316696.0672, 3.0, 5.498, 5.575, 5.055]
[316696.0672, 3.0, 5.498, 5.575, 5.055]
[316696.0672, 3.0, 5.498, 5.575, 5.055]
[316696.0672, 3.0, 5.498, 5.575, 5.055]
[316696.0672, 3.0, 5.498, 5.575, 5.055]
[316696.0672, 3.0, 5.498, 5.575, 5.055]
[316696.0672, 3.0, 5.498, 5.575, 5.055]
[316696.0672, 3.0, 5.498, 5.575, 5.055]
[316696.0672, 3.0, 5.498, 5.575, 5.055]
[316696.0672, 3.0, 5.498, 5.575, 5.055]
[316696.0672, 3.0, 5.498, 5.575, 5.055]
[316696.0672, 3.0, 5.498, 5.575, 5.055]
[316696.0672, 3.0, 5.498, 5.575, 5.055]
[316696.0672, 3.0, 5.498, 5.575, 5.055]
[316696.0672, 3.0, 5.498, 5.575, 5.055]
[316696.12616, 3.0, 5.632, 5.543, 5.993]
[316696.12616, 3.0, 5.632, 5.543, 5.993]
[316696.12616, 3.0, 5.632, 5.543, 5.993]
[316696.12616, 3.0, 5.632, 5.543, 5.993]
[316696.12616, 3.0, 5.632, 5.543, 5.993]
[316696.12616, 3.0, 5.632, 5.543, 5.993]
[316696.12616, 3.0, 5.632, 5.543, 5.993]
[316696.12616, 3.0, 5.632, 5.543, 5.993]
[316696.12616, 3.0, 5.632, 5.543, 5.993]
[316696.12616, 3.0, 5.632, 5.543, 5.993]
[316696.12616, 3.0, 5.632, 5.543, 5.993]
[316696.12616, 3.0, 5.632, 5.543, 5.993]
[316696.12616, 3.0, 5.632, 5.543, 5.993]
[316696.12616, 3.0, 5.632, 5.543, 5.993]
[316696.12616, 3.0, 5.632, 5.543, 5.993]
[316696.12616, 3.0, 5.632, 5.543, 5.993]
[316696.12616, 3.0, 5.632, 5.543, 5.993]
[316696.12616, 3.0, 5.632, 5.543, 5.993]
[316696.12616, 3.0, 5.632, 5.543, 5.993]
[316696.12616, 3.0, 5.632, 5.543, 5.993]
[316696.12616, 3.0, 5.632, 5.543, 5.993]
[316696.12616, 3.0, 5.632, 5.543, 5.993]
[316696.12616, 3.0, 5.632, 5.543, 5.993]
[316696.12616, 3.0, 5.632, 5.543, 5.993]
[316696.12616, 3.0, 5.632, 5.543, 5.993]
[316696.12616, 3.0, 5.632, 5.543, 5.993]
[316696.12616, 3.0, 5.632, 5.543, 5.993]
[316696.12616, 3.0, 5.632, 5.543, 5.993]
[316696.12616, 3.0, 5.632, 5.543, 5.993]
[316696.12616, 3.0, 5.632, 5.543, 5.993]
[316696.18518, 3.0, 4.957, 5.43, 5.669]
[316696.18518, 3.0, 4.957, 5.43, 5.669]
[316696.18518, 3.0, 4.957, 5.43, 5.669]
[316696.18518, 3.0, 4.957, 5.43, 5.669]
[316696.18518, 3.0, 4.957, 5.43, 5.669]
[316696.18518, 3.0, 4.957, 5.43, 5.669]
[316696.18518, 3.0, 4.957, 5.43, 5.669]
[316696.18518, 3.0, 4.957, 5.43, 5.669]
[316696.18518, 3.0, 4.957, 5.43, 5.669]
[316696.18518, 3.0, 4.957, 5.43, 5.669]
[316696.18518, 3.0, 4.957, 5.43, 5.669]
[316696.18518, 3.0, 4.957, 5.43, 5.669]
[316696.18518, 3.0, 4.957, 5.43, 5.669]
[316696.18518, 3.0, 4.957, 5.43, 5.669]
[316696.18518, 3.0, 4.957, 5.43, 5.669]
[316696.18518, 3.0, 4.957, 5.43, 5.669]
[316696.18518, 3.0, 4.957, 5.43, 5.669]
[316696.18518, 3.0, 4.957, 5.43, 5.669]
[316696.18518, 3.0, 4.957, 5.43, 5.669]
[316696.18518, 3.0, 4.957, 5.43, 5.669]
[316696.18518, 3.0, 4.957, 5.43, 5.669]
[316696.18518, 3.0, 4.957, 5.43, 5.669]
[316696.18518, 3.0, 4.957, 5.43, 5.669]
[316696.18518, 3.0, 4.957, 5.43, 5.669]
[316696.18518, 3.0, 4.957, 5.43, 5.669]
[316696.18518, 3.0, 4.957, 5.43, 5.669]
[316696.18518, 3.0, 4.957, 5.43, 5.669]
[316696.18518, 3.0, 4.957, 5.43, 5.669]
[316696.18518, 3.0, 4.957, 5.43, 5.669]
[316696.18518, 3.0, 4.957, 5.43, 5.669]
[316696.24423, 3.0, 5.187, 5.659, 5.305]
[316696.24423, 3.0, 5.187, 5.659, 5.305]
[316696.24423, 3.0, 5.187, 5.659, 5.305]
[316696.24423, 3.0, 5.187, 5.659, 5.305]
[316696.24423, 3.0, 5.187, 5.659, 5.305]
[316696.24423, 3.0, 5.187, 5.659, 5.305]
[316696.24423, 3.0, 5.187, 5.659, 5.305]
[316696.24423, 3.0, 5.187, 5.659, 5.305]
[316696.24423, 3.0, 5.187, 5.659, 5.305]
[316696.24423, 3.0, 5.187, 5.659, 5.305]
[316696.24423, 3.0, 5.187, 5.659, 5.305]
[316696.24423, 3.0, 5.187, 5.659, 5.305]
[316696.24423, 3.0, 5.187, 5.659, 5.305]
[316696.24423, 3.0, 5.187, 5.659, 5.305]
[316696.24423, 3.0, 5.187, 5.659, 5.305]
[316696.24423, 3.0, 5.187, 5.659, 5.305]
[316696.24423, 3.0, 5.187, 5.659, 5.305]
[316696.24423, 3.0, 5.187, 5.659, 5.305]
[316696.24423, 3.0, 5.187, 5.659, 5.305]
[316696.24423, 3.0, 5.187, 5.659, 5.305]
[316696.24423, 3.0, 5.187, 5.659, 5.305]
[316696.24423, 3.0, 5.187, 5.659, 5.305]
[316696.24423, 3.0, 5.187, 5.659, 5.305]
[316696.24423, 3.0, 5.187, 5.659, 5.305]
[316696.24423, 3.0, 5.187, 5.659, 5.305]
[316696.24423, 3.0, 5.187, 5.659, 5.305]
[316696.24423, 3.0, 5.187, 5.659, 5.305]
[316696.24423, 3.0, 5.187, 5.659, 5.305]
[316696.24423, 3.0, 5.187, 5.659, 5.305]
[316696.24423, 3.0, 5.187, 5.659, 5.305]
[316696.30319, 3.0, 5.274, 5.662, 5.638]
[316696.30319, 3.0, 5.274, 5.662, 5.638]
[316696.30319, 3.0, 5.274, 5.662, 5.638]
[316696.30319, 3.0, 5.274, 5.662, 5.638]
[316696.30319, 3.0, 5.274, 5.662, 5.638]
[316696.30319, 3.0, 5.274, 5.662, 5.638]
[316696.30319, 3.0, 5.274, 5.662, 5.638]
[316696.30319, 3.0, 5.274, 5.662, 5.638]
[316696.30319, 3.0, 5.274, 5.662, 5.638]
[316696.30319, 3.0, 5.274, 5.662, 5.638]
[316696.30319, 3.0, 5.274, 5.662, 5.638]
[316696.30319, 3.0, 5.274, 5.662, 5.638]
[316696.30319, 3.0, 5.274, 5.662, 5.638]
[316696.30319, 3.0, 5.274, 5.662, 5.638]
[316696.30319, 3.0, 5.274, 5.662, 5.638]
[316696.30319, 3.0, 5.274, 5.662, 5.638]
[316696.30319, 3.0, 5.274, 5.662, 5.638]
[316696.30319, 3.0, 5.274, 5.662, 5.638]
[316696.30319, 3.0, 5.274, 5.662, 5.638]
[316696.30319, 3.0, 5.274, 5.662, 5.638]
[316696.30319, 3.0, 5.274, 5.662, 5.638]
[316696.30319, 3.0, 5.274, 5.662, 5.638]
[316696.30319, 3.0, 5.274, 5.662, 5.638]
[316696.30319, 3.0, 5.274, 5.662, 5.638]
[316696.30319, 3.0, 5.274, 5.662, 5.638]
[316696.30319, 3.0, 5.274, 5.662, 5.638]
[316696.30319, 3.0, 5.274, 5.662, 5.638]
[316696.30319, 3.0, 5.274, 5.662, 5.638]
[316696.30319, 3.0, 5.274, 5.662, 5.638]
[316696.30319, 3.0, 5.274, 5.662, 5.638]
[316696.36215, 3.0, 5.204, 5.646, 6.061]
[316696.36215, 3.0, 5.204, 5.646, 6.061]
[316696.36215, 3.0, 5.204, 5.646, 6.061]
[316696.36215, 3.0, 5.204, 5.646, 6.061]
[316696.36215, 3.0, 5.204, 5.646, 6.061]
[316696.36215, 3.0, 5.204, 5.646, 6.061]
[316696.36215, 3.0, 5.204, 5.646, 6.061]
[316696.36215, 3.0, 5.204, 5.646, 6.061]
[316696.36215, 3.0, 5.204, 5.646, 6.061]
[316696.36215, 3.0, 5.204, 5.646, 6.061]
[316696.36215, 3.0, 5.204, 5.646, 6.061]
[316696.36215, 3.0, 5.204, 5.646, 6.061]
[316696.36215, 3.0, 5.204, 5.646, 6.061]
[316696.36215, 3.0, 5.204, 5.646, 6.061]
[316696.36215, 3.0, 5.204, 5.646, 6.061]
[316696.36215, 3.0, 5.204, 5.646, 6.061]
[316696.36215, 3.0, 5.204, 5.646, 6.061]
[316696.36215, 3.0, 5.204, 5.646, 6.061]
[316696.36215, 3.0, 5.204, 5.646, 6.061]
[316696.36215, 3.0, 5.204, 5.646, 6.061]
[316696.36215, 3.0, 5.204, 5.646, 6.061]
[316696.36215, 3.0, 5.204, 5.646, 6.061]
[316696.36215, 3.0, 5.204, 5.646, 6.061]
[316696.36215, 3.0, 5.204, 5.646, 6.061]
[316696.36215, 3.0, 5.204, 5.646, 6.061]
[316696.36215, 3.0, 5.204, 5.646, 6.061]
[316696.36215, 3.0, 5.204, 5.646, 6.061]
[316696.36215, 3.0, 5.204, 5.646, 6.061]
[316696.36215, 3.0, 5.204, 5.646, 6.061]
[316696.36215, 3.0, 5.204, 5.646, 6.061]
[316696.42111, 3.0, 5.603, 5.597, 5.859]
[316696.42111, 3.0, 5.603, 5.597, 5.859]
[316696.42111, 3.0, 5.603, 5.597, 5.859]
[316696.42111, 3.0, 5.603, 5.597, 5.859]
[316696.42111, 3.0, 5.603, 5.597, 5.859]
[316696.42111, 3.0, 5.603, 5.597, 5.859]
[316696.42111, 3.0, 5.603, 5.597, 5.859]
[316696.42111, 3.0, 5.603, 5.597, 5.859]
[316696.42111, 3.0, 5.603, 5.597, 5.859]
[316696.42111, 3.0, 5.603, 5.597, 5.859]
[316696.42111, 3.0, 5.603, 5.597, 5.859]
[316696.42111, 3.0, 5.603, 5.597, 5.859]
[316696.42111, 3.0, 5.603, 5.597, 5.859]
[316696.42111, 3.0, 5.603, 5.597, 5.859]
[316696.42111, 3.0, 5.603, 5.597, 5.859]
[316696.42111, 3.0, 5.603, 5.597, 5.859]
[316696.42111, 3.0, 5.603, 5.597, 5.859]
[316696.42111, 3.0, 5.603, 5.597, 5.859]
[316696.42111, 3.0, 5.603, 5.597, 5.859]
[316696.42111, 3.0, 5.603, 5.597, 5.859]
[316696.42111, 3.0, 5.603, 5.597, 5.859]
[316696.42111, 3.0, 5.603, 5.597, 5.859]
[316696.42111, 3.0, 5.603, 5.597, 5.859]
[316696.42111, 3.0, 5.603, 5.597, 5.859]
[316696.42111, 3.0, 5.603, 5.597, 5.859]
[316696.42111, 3.0, 5.603, 5.597, 5.859]
[316696.42111, 3.0, 5.603, 5.597, 5.859]
[316696.42111, 3.0, 5.603, 5.597, 5.859]
[316696.42111, 3.0, 5.603, 5.597, 5.859]
[316696.42111, 3.0, 5.603, 5.597, 5.859]
[316696.48062, 3.0, 5.581, 5.52, 5.977]
[316696.48062, 3.0, 5.581, 5.52, 5.977]
[316696.48062, 3.0, 5.581, 5.52, 5.977]
[316696.48062, 3.0, 5.581, 5.52, 5.977]
[316696.48062, 3.0, 5.581, 5.52, 5.977]
[316696.48062, 3.0, 5.581, 5.52, 5.977]
[316696.48062, 3.0, 5.581, 5.52, 5.977]
[316696.48062, 3.0, 5.581, 5.52, 5.977]
[316696.48062, 3.0, 5.581, 5.52, 5.977]
[316696.48062, 3.0, 5.581, 5.52, 5.977]
[316696.48062, 3.0, 5.581, 5.52, 5.977]
[316696.48062, 3.0, 5.581, 5.52, 5.977]
[316696.48062, 3.0, 5.581, 5.52, 5.977]
[316696.48062, 3.0, 5.581, 5.52, 5.977]
[316696.48062, 3.0, 5.581, 5.52, 5.977]
[316696.48062, 3.0, 5.581, 5.52, 5.977]
[316696.48062, 3.0, 5.581, 5.52, 5.977]
[316696.48062, 3.0, 5.581, 5.52, 5.977]
[316696.48062, 3.0, 5.581, 5.52, 5.977]
[316696.48062, 3.0, 5.581, 5.52, 5.977]
[316696.48062, 3.0, 5.581, 5.52, 5.977]
[316696.48062, 3.0, 5.581, 5.52, 5.977]
[316696.48062, 3.0, 5.581, 5.52, 5.977]
[316696.48062, 3.0, 5.581, 5.52, 5.977]
[316696.48062, 3.0, 5.581, 5.52, 5.977]
[316696.48062, 3.0, 5.581, 5.52, 5.977]
[316696.48062, 3.0, 5.581, 5.52, 5.977]
[316696.48062, 3.0, 5.581, 5.52, 5.977]
[316696.48062, 3.0, 5.581, 5.52, 5.977]
[316696.48062, 3.0, 5.581, 5.52, 5.977]
[316696.53922, 3.0, 5.33, 5.539, 5.922]
[316696.53922, 3.0, 5.33, 5.539, 5.922]
[316696.53922, 3.0, 5.33, 5.539, 5.922]
[316696.53922, 3.0, 5.33, 5.539, 5.922]
[316696.53922, 3.0, 5.33, 5.539, 5.922]
[316696.53922, 3.0, 5.33, 5.539, 5.922]
[316696.53922, 3.0, 5.33, 5.539, 5.922]
[316696.53922, 3.0, 5.33, 5.539, 5.922]
[316696.53922, 3.0, 5.33, 5.539, 5.922]
[316696.53922, 3.0, 5.33, 5.539, 5.922]
[316696.53922, 3.0, 5.33, 5.539, 5.922]
[316696.53922, 3.0, 5.33, 5.539, 5.922]
[316696.53922, 3.0, 5.33, 5.539, 5.922]
[316696.53922, 3.0, 5.33, 5.539, 5.922]
[316696.53922, 3.0, 5.33, 5.539, 5.922]
[316696.53922, 3.0, 5.33, 5.539, 5.922]
[316696.53922, 3.0, 5.33, 5.539, 5.922]
[316696.53922, 3.0, 5.33, 5.539, 5.922]
[316696.53922, 3.0, 5.33, 5.539, 5.922]
[316696.53922, 3.0, 5.33, 5.539, 5.922]
[316696.53922, 3.0, 5.33, 5.539, 5.922]
[316696.53922, 3.0, 5.33, 5.539, 5.922]
[316696.53922, 3.0, 5.33, 5.539, 5.922]
[316696.53922, 3.0, 5.33, 5.539, 5.922]
[316696.53922, 3.0, 5.33, 5.539, 5.922]
[316696.53922, 3.0, 5.33, 5.539, 5.922]
[316696.53922, 3.0, 5.33, 5.539, 5.922]
[316696.53922, 3.0, 5.33, 5.539, 5.922]
[316696.53922, 3.0, 5.33, 5.539, 5.922]
[316696.53922, 3.0, 5.33, 5.539, 5.922]
[316696.59814, 3.0, 4.94, 5.552, 5.454]
[316696.59814, 3.0, 4.94, 5.552, 5.454]
[316696.59814, 3.0, 4.94, 5.552, 5.454]
[316696.59814, 3.0, 4.94, 5.552, 5.454]
[316696.59814, 3.0, 4.94, 5.552, 5.454]
[316696.59814, 3.0, 4.94, 5.552, 5.454]
[316696.59814, 3.0, 4.94, 5.552, 5.454]
[316696.59814, 3.0, 4.94, 5.552, 5.454]
[316696.59814, 3.0, 4.94, 5.552, 5.454]
[316696.59814, 3.0, 4.94, 5.552, 5.454]
[316696.59814, 3.0, 4.94, 5.552, 5.454]
[316696.59814, 3.0, 4.94, 5.552, 5.454]
[316696.59814, 3.0, 4.94, 5.552, 5.454]
[316696.59814, 3.0, 4.94, 5.552, 5.454]
[316696.59814, 3.0, 4.94, 5.552, 5.454]
[316696.59814, 3.0, 4.94, 5.552, 5.454]
[316696.59814, 3.0, 4.94, 5.552, 5.454]
[316696.59814, 3.0, 4.94, 5.552, 5.454]
[316696.59814, 3.0, 4.94, 5.552, 5.454]
[316696.59814, 3.0, 4.94, 5.552, 5.454]
[316696.59814, 3.0, 4.94, 5.552, 5.454]
[316696.59814, 3.0, 4.94, 5.552, 5.454]
[316696.59814, 3.0, 4.94, 5.552, 5.454]
[316696.59814, 3.0, 4.94, 5.552, 5.454]
[316696.59814, 3.0, 4.94, 5.552, 5.454]
[316696.59814, 3.0, 4.94, 5.552, 5.454]
[316696.59814, 3.0, 4.94, 5.552, 5.454]
[316696.59814, 3.0, 4.94, 5.552, 5.454]
[316696.59814, 3.0, 4.94, 5.552, 5.454]
[316696.59814, 3.0, 4.94, 5.552, 5.454]
[316696.6572, 3.0, 5.187, 5.546, 5.932]
[316696.6572, 3.0, 5.187, 5.546, 5.932]
[316696.6572, 3.0, 5.187, 5.546, 5.932]
[316696.6572, 3.0, 5.187, 5.546, 5.932]
[316696.6572, 3.0, 5.187, 5.546, 5.932]
[316696.6572, 3.0, 5.187, 5.546, 5.932]
[316696.6572, 3.0, 5.187, 5.546, 5.932]
[316696.6572, 3.0, 5.187, 5.546, 5.932]
[316696.6572, 3.0, 5.187, 5.546, 5.932]
[316696.6572, 3.0, 5.187, 5.546, 5.932]
[316696.6572, 3.0, 5.187, 5.546, 5.932]
[316696.6572, 3.0, 5.187, 5.546, 5.932]
[316696.6572, 3.0, 5.187, 5.546, 5.932]
[316696.6572, 3.0, 5.187, 5.546, 5.932]
[316696.6572, 3.0, 5.187, 5.546, 5.932]
[316696.6572, 3.0, 5.187, 5.546, 5.932]
[316696.6572, 3.0, 5.187, 5.546, 5.932]
[316696.6572, 3.0, 5.187, 5.546, 5.932]
[316696.6572, 3.0, 5.187, 5.546, 5.932]
[316696.6572, 3.0, 5.187, 5.546, 5.932]
[316696.6572, 3.0, 5.187, 5.546, 5.932]
[316696.6572, 3.0, 5.187, 5.546, 5.932]
[316696.6572, 3.0, 5.187, 5.546, 5.932]
[316696.6572, 3.0, 5.187, 5.546, 5.932]
[316696.6572, 3.0, 5.187, 5.546, 5.932]
[316696.6572, 3.0, 5.187, 5.546, 5.932]
[316696.6572, 3.0, 5.187, 5.546, 5.932]
[316696.6572, 3.0, 5.187, 5.546, 5.932]
[316696.6572, 3.0, 5.187, 5.546, 5.932]
[316696.6572, 3.0, 5.187, 5.546, 5.932]
[316696.71616, 3.0, 5.365, 5.549, 5.365]
[316696.71616, 3.0, 5.365, 5.549, 5.365]
[316696.71616, 3.0, 5.365, 5.549, 5.365]
[316696.71616, 3.0, 5.365, 5.549, 5.365]
[316696.71616, 3.0, 5.365, 5.549, 5.365]
[316696.71616, 3.0, 5.365, 5.549, 5.365]
[316696.71616, 3.0, 5.365, 5.549, 5.365]
[316696.71616, 3.0, 5.365, 5.549, 5.365]
[316696.71616, 3.0, 5.365, 5.549, 5.365]
[316696.71616, 3.0, 5.365, 5.549, 5.365]
[316696.71616, 3.0, 5.365, 5.549, 5.365]
[316696.71616, 3.0, 5.365, 5.549, 5.365]
[316696.71616, 3.0, 5.365, 5.549, 5.365]
[316696.71616, 3.0, 5.365, 5.549, 5.365]
[316696.71616, 3.0, 5.365, 5.549, 5.365]
[316696.71616, 3.0, 5.365, 5.549, 5.365]
[316696.71616, 3.0, 5.365, 5.549, 5.365]
[316696.71616, 3.0, 5.365, 5.549, 5.365]
[316696.71616, 3.0, 5.365, 5.549, 5.365]
[316696.71616, 3.0, 5.365, 5.549, 5.365]
[316696.71616, 3.0, 5.365, 5.549, 5.365]
[316696.71616, 3.0, 5.365, 5.549, 5.365]
[316696.71616, 3.0, 5.365, 5.549, 5.365]
[316696.71616, 3.0, 5.365, 5.549, 5.365]
[316696.71616, 3.0, 5.365, 5.549, 5.365]
[316696.71616, 3.0, 5.365, 5.549, 5.365]
[316696.71616, 3.0, 5.365, 5.549, 5.365]
[316696.71616, 3.0, 5.365, 5.549, 5.365]
[316696.71616, 3.0, 5.365, 5.549, 5.365]
[316696.71616, 3.0, 5.365, 5.549, 5.365]
[316696.77512, 3.0, 5.347, 5.482, 5.925]
[316696.77512, 3.0, 5.347, 5.482, 5.925]
[316696.77512, 3.0, 5.347, 5.482, 5.925]
[316696.77512, 3.0, 5.347, 5.482, 5.925]
[316696.77512, 3.0, 5.347, 5.482, 5.925]
[316696.77512, 3.0, 5.347, 5.482, 5.925]
[316696.77512, 3.0, 5.347, 5.482, 5.925]
[316696.77512, 3.0, 5.347, 5.482, 5.925]
[316696.77512, 3.0, 5.347, 5.482, 5.925]
[316696.77512, 3.0, 5.347, 5.482, 5.925]
[316696.77512, 3.0, 5.347, 5.482, 5.925]
[316696.77512, 3.0, 5.347, 5.482, 5.925]
[316696.77512, 3.0, 5.347, 5.482, 5.925]
[316696.77512, 3.0, 5.347, 5.482, 5.925]
[316696.77512, 3.0, 5.347, 5.482, 5.925]
[316696.77512, 3.0, 5.347, 5.482, 5.925]
[316696.77512, 3.0, 5.347, 5.482, 5.925]
[316696.77512, 3.0, 5.347, 5.482, 5.925]
[316696.77512, 3.0, 5.347, 5.482, 5.925]
[316696.77512, 3.0, 5.347, 5.482, 5.925]
[316696.77512, 3.0, 5.347, 5.482, 5.925]
[316696.77512, 3.0, 5.347, 5.482, 5.925]
[316696.77512, 3.0, 5.347, 5.482, 5.925]
[316696.77512, 3.0, 5.347, 5.482, 5.925]
[316696.77512, 3.0, 5.347, 5.482, 5.925]
[316696.77512, 3.0, 5.347, 5.482, 5.925]
[316696.77512, 3.0, 5.347, 5.482, 5.925]
[316696.77512, 3.0, 5.347, 5.482, 5.925]
[316696.77512, 3.0, 5.347, 5.482, 5.925]
[316696.77512, 3.0, 5.347, 5.482, 5.925]
[316696.83414, 3.0, 5.238, 5.404, 6.172]
[316696.83414, 3.0, 5.238, 5.404, 6.172]
[316696.83414, 3.0, 5.238, 5.404, 6.172]
[316696.83414, 3.0, 5.238, 5.404, 6.172]
[316696.83414, 3.0, 5.238, 5.404, 6.172]
[316696.83414, 3.0, 5.238, 5.404, 6.172]
[316696.83414, 3.0, 5.238, 5.404, 6.172]
[316696.83414, 3.0, 5.238, 5.404, 6.172]
[316696.83414, 3.0, 5.238, 5.404, 6.172]
[316696.83414, 3.0, 5.238, 5.404, 6.172]
[316696.83414, 3.0, 5.238, 5.404, 6.172]
[316696.83414, 3.0, 5.238, 5.404, 6.172]
[316696.83414, 3.0, 5.238, 5.404, 6.172]
[316696.83414, 3.0, 5.238, 5.404, 6.172]
[316696.83414, 3.0, 5.238, 5.404, 6.172]
[316696.83414, 3.0, 5.238, 5.404, 6.172]
[316696.83414, 3.0, 5.238, 5.404, 6.172]
[316696.83414, 3.0, 5.238, 5.404, 6.172]
[316696.83414, 3.0, 5.238, 5.404, 6.172]
[316696.83414, 3.0, 5.238, 5.404, 6.172]
[316696.83414, 3.0, 5.238, 5.404, 6.172]
[316696.83414, 3.0, 5.238, 5.404, 6.172]
[316696.83414, 3.0, 5.238, 5.404, 6.172]
[316696.83414, 3.0, 5.238, 5.404, 6.172]
[316696.83414, 3.0, 5.238, 5.404, 6.172]
[316696.83414, 3.0, 5.238, 5.404, 6.172]
[316696.83414, 3.0, 5.238, 5.404, 6.172]
[316696.83414, 3.0, 5.238, 5.404, 6.172]
[316696.83414, 3.0, 5.238, 5.404, 6.172]
[316696.83414, 3.0, 5.238, 5.404, 6.172]
[316696.89307, 3.0, 5.515, 5.467, 5.88]
[316696.89307, 3.0, 5.515, 5.467, 5.88]
[316696.89307, 3.0, 5.515, 5.467, 5.88]
[316696.89307, 3.0, 5.515, 5.467, 5.88]
[316696.89307, 3.0, 5.515, 5.467, 5.88]
[316696.89307, 3.0, 5.515, 5.467, 5.88]
[316696.89307, 3.0, 5.515, 5.467, 5.88]
[316696.89307, 3.0, 5.515, 5.467, 5.88]
[316696.89307, 3.0, 5.515, 5.467, 5.88]
[316696.89307, 3.0, 5.515, 5.467, 5.88]
[316696.89307, 3.0, 5.515, 5.467, 5.88]
[316696.89307, 3.0, 5.515, 5.467, 5.88]
[316696.89307, 3.0, 5.515, 5.467, 5.88]
[316696.89307, 3.0, 5.515, 5.467, 5.88]
[316696.89307, 3.0, 5.515, 5.467, 5.88]
[316696.89307, 3.0, 5.515, 5.467, 5.88]
[316696.89307, 3.0, 5.515, 5.467, 5.88]
[316696.89307, 3.0, 5.515, 5.467, 5.88]
[316696.89307, 3.0, 5.515, 5.467, 5.88]
[316696.89307, 3.0, 5.515, 5.467, 5.88]
[316696.89307, 3.0, 5.515, 5.467, 5.88]
[316696.89307, 3.0, 5.515, 5.467, 5.88]
[316696.89307, 3.0, 5.515, 5.467, 5.88]
[316696.89307, 3.0, 5.515, 5.467, 5.88]
[316696.89307, 3.0, 5.515, 5.467, 5.88]
[316696.89307, 3.0, 5.515, 5.467, 5.88]
[316696.89307, 3.0, 5.515, 5.467, 5.88]
[316696.89307, 3.0, 5.515, 5.467, 5.88]
[316696.89307, 3.0, 5.515, 5.467, 5.88]
[316696.89307, 3.0, 5.515, 5.467, 5.88]
[316696.95209, 3.0, 5.163, 5.414, 6.065]
[316696.95209, 3.0, 5.163, 5.414, 6.065]
[316696.95209, 3.0, 5.163, 5.414, 6.065]
[316696.95209, 3.0, 5.163, 5.414, 6.065]
[316696.95209, 3.0, 5.163, 5.414, 6.065]
[316696.95209, 3.0, 5.163, 5.414, 6.065]
[316696.95209, 3.0, 5.163, 5.414, 6.065]
[316696.95209, 3.0, 5.163, 5.414, 6.065]
[316696.95209, 3.0, 5.163, 5.414, 6.065]
[316696.95209, 3.0, 5.163, 5.414, 6.065]
[316696.95209, 3.0, 5.163, 5.414, 6.065]
[316696.95209, 3.0, 5.163, 5.414, 6.065]
[316696.95209, 3.0, 5.163, 5.414, 6.065]
[316696.95209, 3.0, 5.163, 5.414, 6.065]
[316696.95209, 3.0, 5.163, 5.414, 6.065]
[316696.95209, 3.0, 5.163, 5.414, 6.065]
[316696.95209, 3.0, 5.163, 5.414, 6.065]
[316696.95209, 3.0, 5.163, 5.414, 6.065]
[316696.95209, 3.0, 5.163, 5.414, 6.065]
[316696.95209, 3.0, 5.163, 5.414, 6.065]
[316696.95209, 3.0, 5.163, 5.414, 6.065]
[316696.95209, 3.0, 5.163, 5.414, 6.065]
[316696.95209, 3.0, 5.163, 5.414, 6.065]
[316696.95209, 3.0, 5.163, 5.414, 6.065]
[316696.95209, 3.0, 5.163, 5.414, 6.065]
[316696.95209, 3.0, 5.163, 5.414, 6.065]
[316696.95209, 3.0, 5.163, 5.414, 6.065]
[316696.95209, 3.0, 5.163, 5.414, 6.065]
[316696.95209, 3.0, 5.163, 5.414, 6.065]
[316696.95209, 3.0, 5.163, 5.414, 6.065]
[316697.01086, 3.0, 5.488, 5.51, 6.072]
[316697.01086, 3.0, 5.488, 5.51, 6.072]
[316697.01086, 3.0, 5.488, 5.51, 6.072]
[316697.01086, 3.0, 5.488, 5.51, 6.072]
[316697.01086, 3.0, 5.488, 5.51, 6.072]
[316697.01086, 3.0, 5.488, 5.51, 6.072]
[316697.01086, 3.0, 5.488, 5.51, 6.072]
[316697.01086, 3.0, 5.488, 5.51, 6.072]
[316697.01086, 3.0, 5.488, 5.51, 6.072]
[316697.01086, 3.0, 5.488, 5.51, 6.072]
[316697.01086, 3.0, 5.488, 5.51, 6.072]
[316697.01086, 3.0, 5.488, 5.51, 6.072]
[316697.01086, 3.0, 5.488, 5.51, 6.072]
[316697.01086, 3.0, 5.488, 5.51, 6.072]
[316697.01086, 3.0, 5.488, 5.51, 6.072]
[316697.01086, 3.0, 5.488, 5.51, 6.072]
[316697.01086, 3.0, 5.488, 5.51, 6.072]
[316697.01086, 3.0, 5.488, 5.51, 6.072]
[316697.01086, 3.0, 5.488, 5.51, 6.072]
[316697.01086, 3.0, 5.488, 5.51, 6.072]
[316697.01086, 3.0, 5.488, 5.51, 6.072]
[316697.01086, 3.0, 5.488, 5.51, 6.072]
[316697.01086, 3.0, 5.488, 5.51, 6.072]
[316697.01086, 3.0, 5.488, 5.51, 6.072]
[316697.01086, 3.0, 5.488, 5.51, 6.072]
[316697.01086, 3.0, 5.488, 5.51, 6.072]
[316697.01086, 3.0, 5.488, 5.51, 6.072]
[316697.01086, 3.0, 5.488, 5.51, 6.072]
[316697.01086, 3.0, 5.488, 5.51, 6.072]
[316697.01086, 3.0, 5.488, 5.51, 6.072]
[316697.07138, 3.0, 5.443, 5.522, 5.825]
[316697.07138, 3.0, 5.443, 5.522, 5.825]
[316697.07138, 3.0, 5.443, 5.522, 5.825]
[316697.07138, 3.0, 5.443, 5.522, 5.825]
[316697.07138, 3.0, 5.443, 5.522, 5.825]
[316697.07138, 3.0, 5.443, 5.522, 5.825]
[316697.07138, 3.0, 5.443, 5.522, 5.825]
[316697.07138, 3.0, 5.443, 5.522, 5.825]
[316697.07138, 3.0, 5.443, 5.522, 5.825]
[316697.07138, 3.0, 5.443, 5.522, 5.825]
[316697.07138, 3.0, 5.443, 5.522, 5.825]
[316697.07138, 3.0, 5.443, 5.522, 5.825]
[316697.07138, 3.0, 5.443, 5.522, 5.825]
[316697.07138, 3.0, 5.443, 5.522, 5.825]
[316697.07138, 3.0, 5.443, 5.522, 5.825]
[316697.07138, 3.0, 5.443, 5.522, 5.825]
[316697.07138, 3.0, 5.443, 5.522, 5.825]
[316697.07138, 3.0, 5.443, 5.522, 5.825]
[316697.07138, 3.0, 5.443, 5.522, 5.825]
[316697.07138, 3.0, 5.443, 5.522, 5.825]
[316697.07138, 3.0, 5.443, 5.522, 5.825]
[316697.07138, 3.0, 5.443, 5.522, 5.825]
[316697.07138, 3.0, 5.443, 5.522, 5.825]
[316697.07138, 3.0, 5.443, 5.522, 5.825]
[316697.07138, 3.0, 5.443, 5.522, 5.825]
[316697.07138, 3.0, 5.443, 5.522, 5.825]
[316697.07138, 3.0, 5.443, 5.522, 5.825]
[316697.07138, 3.0, 5.443, 5.522, 5.825]
[316697.07138, 3.0, 5.443, 5.522, 5.825]
[316697.07138, 3.0, 5.443, 5.522, 5.825]
[316697.12906, 3.0, 4.986, 5.351, 6.159]
[316697.12906, 3.0, 4.986, 5.351, 6.159]
[316697.12906, 3.0, 4.986, 5.351, 6.159]
[316697.12906, 3.0, 4.986, 5.351, 6.159]
[316697.12906, 3.0, 4.986, 5.351, 6.159]
[316697.12906, 3.0, 4.986, 5.351, 6.159]
[316697.12906, 3.0, 4.986, 5.351, 6.159]
[316697.12906, 3.0, 4.986, 5.351, 6.159]
[316697.12906, 3.0, 4.986, 5.351, 6.159]
[316697.12906, 3.0, 4.986, 5.351, 6.159]
[316697.12906, 3.0, 4.986, 5.351, 6.159]
[316697.12906, 3.0, 4.986, 5.351, 6.159]
[316697.12906, 3.0, 4.986, 5.351, 6.159]
[316697.12906, 3.0, 4.986, 5.351, 6.159]
[316697.12906, 3.0, 4.986, 5.351, 6.159]
[316697.12906, 3.0, 4.986, 5.351, 6.159]
[316697.12906, 3.0, 4.986, 5.351, 6.159]
[316697.12906, 3.0, 4.986, 5.351, 6.159]
[316697.12906, 3.0, 4.986, 5.351, 6.159]
[316697.12906, 3.0, 4.986, 5.351, 6.159]
[316697.12906, 3.0, 4.986, 5.351, 6.159]
[316697.12906, 3.0, 4.986, 5.351, 6.159]
[316697.12906, 3.0, 4.986, 5.351, 6.159]
[316697.12906, 3.0, 4.986, 5.351, 6.159]
[316697.12906, 3.0, 4.986, 5.351, 6.159]
[316697.12906, 3.0, 4.986, 5.351, 6.159]
[316697.12906, 3.0, 4.986, 5.351, 6.159]
[316697.12906, 3.0, 4.986, 5.351, 6.159]
[316697.12906, 3.0, 4.986, 5.351, 6.159]
[316697.12906, 3.0, 4.986, 5.351, 6.159]
[316697.1879, 3.0, 5.226, 5.335, 5.895]
[316697.1879, 3.0, 5.226, 5.335, 5.895]
[316697.1879, 3.0, 5.226, 5.335, 5.895]
[316697.1879, 3.0, 5.226, 5.335, 5.895]
[316697.1879, 3.0, 5.226, 5.335, 5.895]
[316697.1879, 3.0, 5.226, 5.335, 5.895]
[316697.1879, 3.0, 5.226, 5.335, 5.895]
[316697.1879, 3.0, 5.226, 5.335, 5.895]
[316697.1879, 3.0, 5.226, 5.335, 5.895]
[316697.1879, 3.0, 5.226, 5.335, 5.895]
[316697.1879, 3.0, 5.226, 5.335, 5.895]
[316697.1879, 3.0, 5.226, 5.335, 5.895]
[316697.1879, 3.0, 5.226, 5.335, 5.895]
[316697.1879, 3.0, 5.226, 5.335, 5.895]
[316697.1879, 3.0, 5.226, 5.335, 5.895]
[316697.1879, 3.0, 5.226, 5.335, 5.895]
[316697.1879, 3.0, 5.226, 5.335, 5.895]
[316697.1879, 3.0, 5.226, 5.335, 5.895]
[316697.1879, 3.0, 5.226, 5.335, 5.895]
[316697.1879, 3.0, 5.226, 5.335, 5.895]
[316697.1879, 3.0, 5.226, 5.335, 5.895]
[316697.1879, 3.0, 5.226, 5.335, 5.895]
[316697.1879, 3.0, 5.226, 5.335, 5.895]
[316697.1879, 3.0, 5.226, 5.335, 5.895]
[316697.1879, 3.0, 5.226, 5.335, 5.895]
[316697.1879, 3.0, 5.226, 5.335, 5.895]
[316697.1879, 3.0, 5.226, 5.335, 5.895]
[316697.1879, 3.0, 5.226, 5.335, 5.895]
[316697.1879, 3.0, 5.226, 5.335, 5.895]
[316697.1879, 3.0, 5.226, 5.335, 5.895]
[316697.2471, 3.0, 5.318, 5.266, 5.529]
[316697.2471, 3.0, 5.318, 5.266, 5.529]
[316697.2471, 3.0, 5.318, 5.266, 5.529]
[316697.2471, 3.0, 5.318, 5.266, 5.529]
[316697.2471, 3.0, 5.318, 5.266, 5.529]
[316697.2471, 3.0, 5.318, 5.266, 5.529]
[316697.2471, 3.0, 5.318, 5.266, 5.529]
[316697.2471, 3.0, 5.318, 5.266, 5.529]
[316697.2471, 3.0, 5.318, 5.266, 5.529]
[316697.2471, 3.0, 5.318, 5.266, 5.529]
[316697.2471, 3.0, 5.318, 5.266, 5.529]
[316697.2471, 3.0, 5.318, 5.266, 5.529]
[316697.2471, 3.0, 5.318, 5.266, 5.529]
[316697.2471, 3.0, 5.318, 5.266, 5.529]
[316697.2471, 3.0, 5.318, 5.266, 5.529]
[316697.2471, 3.0, 5.318, 5.266, 5.529]
[316697.2471, 3.0, 5.318, 5.266, 5.529]
[316697.2471, 3.0, 5.318, 5.266, 5.529]
[316697.2471, 3.0, 5.318, 5.266, 5.529]
[316697.2471, 3.0, 5.318, 5.266, 5.529]
[316697.2471, 3.0, 5.318, 5.266, 5.529]
[316697.2471, 3.0, 5.318, 5.266, 5.529]
[316697.2471, 3.0, 5.318, 5.266, 5.529]
[316697.2471, 3.0, 5.318, 5.266, 5.529]
[316697.2471, 3.0, 5.318, 5.266, 5.529]
[316697.2471, 3.0, 5.318, 5.266, 5.529]
[316697.2471, 3.0, 5.318, 5.266, 5.529]
[316697.2471, 3.0, 5.318, 5.266, 5.529]
[316697.2471, 3.0, 5.318, 5.266, 5.529]
[316697.2471, 3.0, 5.318, 5.266, 5.529]
[316697.30612, 3.0, 5.485, 5.39, 6.305]
[316697.30612, 3.0, 5.485, 5.39, 6.305]
[316697.30612, 3.0, 5.485, 5.39, 6.305]
[316697.30612, 3.0, 5.485, 5.39, 6.305]
[316697.30612, 3.0, 5.485, 5.39, 6.305]
[316697.30612, 3.0, 5.485, 5.39, 6.305]
[316697.30612, 3.0, 5.485, 5.39, 6.305]
[316697.30612, 3.0, 5.485, 5.39, 6.305]
[316697.30612, 3.0, 5.485, 5.39, 6.305]
[316697.30612, 3.0, 5.485, 5.39, 6.305]
[316697.30612, 3.0, 5.485, 5.39, 6.305]
[316697.30612, 3.0, 5.485, 5.39, 6.305]
[316697.30612, 3.0, 5.485, 5.39, 6.305]
[316697.30612, 3.0, 5.485, 5.39, 6.305]
[316697.30612, 3.0, 5.485, 5.39, 6.305]
[316697.30612, 3.0, 5.485, 5.39, 6.305]
[316697.30612, 3.0, 5.485, 5.39, 6.305]
[316697.30612, 3.0, 5.485, 5.39, 6.305]
[316697.30612, 3.0, 5.485, 5.39, 6.305]
[316697.30612, 3.0, 5.485, 5.39, 6.305]
[316697.30612, 3.0, 5.485, 5.39, 6.305]
[316697.30612, 3.0, 5.485, 5.39, 6.305]
[316697.30612, 3.0, 5.485, 5.39, 6.305]
[316697.30612, 3.0, 5.485, 5.39, 6.305]
[316697.30612, 3.0, 5.485, 5.39, 6.305]
[316697.30612, 3.0, 5.485, 5.39, 6.305]
[316697.30612, 3.0, 5.485, 5.39, 6.305]
[316697.30612, 3.0, 5.485, 5.39, 6.305]
[316697.30612, 3.0, 5.485, 5.39, 6.305]
[316697.30612, 3.0, 5.485, 5.39, 6.305]
[316697.36588, 3.0, 5.225, 5.453, 5.948]
[316697.36588, 3.0, 5.225, 5.453, 5.948]
[316697.36588, 3.0, 5.225, 5.453, 5.948]
[316697.36588, 3.0, 5.225, 5.453, 5.948]
[316697.36588, 3.0, 5.225, 5.453, 5.948]
[316697.36588, 3.0, 5.225, 5.453, 5.948]
[316697.36588, 3.0, 5.225, 5.453, 5.948]
[316697.36588, 3.0, 5.225, 5.453, 5.948]
[316697.36588, 3.0, 5.225, 5.453, 5.948]
[316697.36588, 3.0, 5.225, 5.453, 5.948]
[316697.36588, 3.0, 5.225, 5.453, 5.948]
[316697.36588, 3.0, 5.225, 5.453, 5.948]
[316697.36588, 3.0, 5.225, 5.453, 5.948]
[316697.36588, 3.0, 5.225, 5.453, 5.948]
[316697.36588, 3.0, 5.225, 5.453, 5.948]
[316697.36588, 3.0, 5.225, 5.453, 5.948]
[316697.36588, 3.0, 5.225, 5.453, 5.948]
[316697.36588, 3.0, 5.225, 5.453, 5.948]
[316697.36588, 3.0, 5.225, 5.453, 5.948]
[316697.36588, 3.0, 5.225, 5.453, 5.948]
[316697.36588, 3.0, 5.225, 5.453, 5.948]
[316697.36588, 3.0, 5.225, 5.453, 5.948]
[316697.36588, 3.0, 5.225, 5.453, 5.948]
[316697.36588, 3.0, 5.225, 5.453, 5.948]
[316697.36588, 3.0, 5.225, 5.453, 5.948]
[316697.36588, 3.0, 5.225, 5.453, 5.948]
[316697.36588, 3.0, 5.225, 5.453, 5.948]
[316697.36588, 3.0, 5.225, 5.453, 5.948]
[316697.36588, 3.0, 5.225, 5.453, 5.948]
[316697.36588, 3.0, 5.225, 5.453, 5.948]
[316697.4241, 3.0, 5.377, 5.444, 6.252]
[316697.4241, 3.0, 5.377, 5.444, 6.252]
[316697.4241, 3.0, 5.377, 5.444, 6.252]
[316697.4241, 3.0, 5.377, 5.444, 6.252]
[316697.4241, 3.0, 5.377, 5.444, 6.252]
[316697.4241, 3.0, 5.377, 5.444, 6.252]
[316697.4241, 3.0, 5.377, 5.444, 6.252]
[316697.4241, 3.0, 5.377, 5.444, 6.252]
[316697.4241, 3.0, 5.377, 5.444, 6.252]
[316697.4241, 3.0, 5.377, 5.444, 6.252]
[316697.4241, 3.0, 5.377, 5.444, 6.252]
[316697.4241, 3.0, 5.377, 5.444, 6.252]
[316697.4241, 3.0, 5.377, 5.444, 6.252]
[316697.4241, 3.0, 5.377, 5.444, 6.252]
[316697.4241, 3.0, 5.377, 5.444, 6.252]
[316697.4241, 3.0, 5.377, 5.444, 6.252]
[316697.4241, 3.0, 5.377, 5.444, 6.252]
[316697.4241, 3.0, 5.377, 5.444, 6.252]
[316697.4241, 3.0, 5.377, 5.444, 6.252]
[316697.4241, 3.0, 5.377, 5.444, 6.252]
[316697.4241, 3.0, 5.377, 5.444, 6.252]
[316697.4241, 3.0, 5.377, 5.444, 6.252]
[316697.4241, 3.0, 5.377, 5.444, 6.252]
[316697.4241, 3.0, 5.377, 5.444, 6.252]
[316697.4241, 3.0, 5.377, 5.444, 6.252]
[316697.4241, 3.0, 5.377, 5.444, 6.252]
[316697.4241, 3.0, 5.377, 5.444, 6.252]
[316697.4241, 3.0, 5.377, 5.444, 6.252]
[316697.4241, 3.0, 5.377, 5.444, 6.252]
[316697.4241, 3.0, 5.377, 5.444, 6.252]
[316697.48312, 3.0, 5.279, 5.351, 6.135]
[316697.48312, 3.0, 5.279, 5.351, 6.135]
[316697.48312, 3.0, 5.279, 5.351, 6.135]
[316697.48312, 3.0, 5.279, 5.351, 6.135]
[316697.48312, 3.0, 5.279, 5.351, 6.135]
[316697.48312, 3.0, 5.279, 5.351, 6.135]
[316697.48312, 3.0, 5.279, 5.351, 6.135]
[316697.48312, 3.0, 5.279, 5.351, 6.135]
[316697.48312, 3.0, 5.279, 5.351, 6.135]
[316697.48312, 3.0, 5.279, 5.351, 6.135]
[316697.48312, 3.0, 5.279, 5.351, 6.135]
[316697.48312, 3.0, 5.279, 5.351, 6.135]
[316697.48312, 3.0, 5.279, 5.351, 6.135]
[316697.48312, 3.0, 5.279, 5.351, 6.135]
[316697.48312, 3.0, 5.279, 5.351, 6.135]
[316697.48312, 3.0, 5.279, 5.351, 6.135]
[316697.48312, 3.0, 5.279, 5.351, 6.135]
[316697.48312, 3.0, 5.279, 5.351, 6.135]
[316697.48312, 3.0, 5.279, 5.351, 6.135]
[316697.48312, 3.0, 5.279, 5.351, 6.135]
[316697.48312, 3.0, 5.279, 5.351, 6.135]
[316697.48312, 3.0, 5.279, 5.351, 6.135]
[316697.48312, 3.0, 5.279, 5.351, 6.135]
[316697.48312, 3.0, 5.279, 5.351, 6.135]
[316697.48312, 3.0, 5.279, 5.351, 6.135]
[316697.48312, 3.0, 5.279, 5.351, 6.135]
[316697.48312, 3.0, 5.279, 5.351, 6.135]
[316697.48312, 3.0, 5.279, 5.351, 6.135]
[316697.48312, 3.0, 5.279, 5.351, 6.135]
[316697.48312, 3.0, 5.279, 5.351, 6.135]
[316697.54208, 3.0, 5.234, 5.441, 5.833]
[316697.54208, 3.0, 5.234, 5.441, 5.833]
[316697.54208, 3.0, 5.234, 5.441, 5.833]
[316697.54208, 3.0, 5.234, 5.441, 5.833]
[316697.54208, 3.0, 5.234, 5.441, 5.833]
[316697.54208, 3.0, 5.234, 5.441, 5.833]
[316697.54208, 3.0, 5.234, 5.441, 5.833]
[316697.54208, 3.0, 5.234, 5.441, 5.833]
[316697.54208, 3.0, 5.234, 5.441, 5.833]
[316697.54208, 3.0, 5.234, 5.441, 5.833]
[316697.54208, 3.0, 5.234, 5.441, 5.833]
[316697.54208, 3.0, 5.234, 5.441, 5.833]
[316697.54208, 3.0, 5.234, 5.441, 5.833]
[316697.54208, 3.0, 5.234, 5.441, 5.833]
[316697.54208, 3.0, 5.234, 5.441, 5.833]
[316697.54208, 3.0, 5.234, 5.441, 5.833]
[316697.54208, 3.0, 5.234, 5.441, 5.833]
[316697.54208, 3.0, 5.234, 5.441, 5.833]
[316697.54208, 3.0, 5.234, 5.441, 5.833]
[316697.54208, 3.0, 5.234, 5.441, 5.833]
[316697.54208, 3.0, 5.234, 5.441, 5.833]
[316697.54208, 3.0, 5.234, 5.441, 5.833]
[316697.54208, 3.0, 5.234, 5.441, 5.833]
[316697.54208, 3.0, 5.234, 5.441, 5.833]
[316697.54208, 3.0, 5.234, 5.441, 5.833]
[316697.54208, 3.0, 5.234, 5.441, 5.833]
[316697.54208, 3.0, 5.234, 5.441, 5.833]
[316697.54208, 3.0, 5.234, 5.441, 5.833]
[316697.54208, 3.0, 5.234, 5.441, 5.833]
[316697.54208, 3.0, 5.234, 5.441, 5.833]
[316697.6011, 3.0, 5.048, 5.381, 5.812]
[316697.6011, 3.0, 5.048, 5.381, 5.812]
[316697.6011, 3.0, 5.048, 5.381, 5.812]
[316697.6011, 3.0, 5.048, 5.381, 5.812]
[316697.6011, 3.0, 5.048, 5.381, 5.812]
[316697.6011, 3.0, 5.048, 5.381, 5.812]
[316697.6011, 3.0, 5.048, 5.381, 5.812]
[316697.6011, 3.0, 5.048, 5.381, 5.812]
[316697.6011, 3.0, 5.048, 5.381, 5.812]
[316697.6011, 3.0, 5.048, 5.381, 5.812]
[316697.6011, 3.0, 5.048, 5.381, 5.812]
[316697.6011, 3.0, 5.048, 5.381, 5.812]
[316697.6011, 3.0, 5.048, 5.381, 5.812]
[316697.6011, 3.0, 5.048, 5.381, 5.812]
[316697.6011, 3.0, 5.048, 5.381, 5.812]
[316697.6011, 3.0, 5.048, 5.381, 5.812]
[316697.6011, 3.0, 5.048, 5.381, 5.812]
[316697.6011, 3.0, 5.048, 5.381, 5.812]
[316697.6011, 3.0, 5.048, 5.381, 5.812]
[316697.6011, 3.0, 5.048, 5.381, 5.812]
[316697.6011, 3.0, 5.048, 5.381, 5.812]
[316697.6011, 3.0, 5.048, 5.381, 5.812]
[316697.6011, 3.0, 5.048, 5.381, 5.812]
[316697.6011, 3.0, 5.048, 5.381, 5.812]
[316697.6011, 3.0, 5.048, 5.381, 5.812]
[316697.6011, 3.0, 5.048, 5.381, 5.812]
[316697.6011, 3.0, 5.048, 5.381, 5.812]
[316697.6011, 3.0, 5.048, 5.381, 5.812]
[316697.6011, 3.0, 5.048, 5.381, 5.812]
[316697.6011, 3.0, 5.048, 5.381, 5.812]
[316697.66006, 3.0, 5.337, 5.42, 6.04]
[316697.66006, 3.0, 5.337, 5.42, 6.04]
[316697.66006, 3.0, 5.337, 5.42, 6.04]
[316697.66006, 3.0, 5.337, 5.42, 6.04]
[316697.66006, 3.0, 5.337, 5.42, 6.04]
[316697.66006, 3.0, 5.337, 5.42, 6.04]
[316697.66006, 3.0, 5.337, 5.42, 6.04]
[316697.66006, 3.0, 5.337, 5.42, 6.04]
[316697.66006, 3.0, 5.337, 5.42, 6.04]
[316697.66006, 3.0, 5.337, 5.42, 6.04]
[316697.66006, 3.0, 5.337, 5.42, 6.04]
[316697.66006, 3.0, 5.337, 5.42, 6.04]
[316697.66006, 3.0, 5.337, 5.42, 6.04]
[316697.66006, 3.0, 5.337, 5.42, 6.04]
[316697.66006, 3.0, 5.337, 5.42, 6.04]
[316697.66006, 3.0, 5.337, 5.42, 6.04]
[316697.66006, 3.0, 5.337, 5.42, 6.04]
[316697.66006, 3.0, 5.337, 5.42, 6.04]
[316697.66006, 3.0, 5.337, 5.42, 6.04]
[316697.66006, 3.0, 5.337, 5.42, 6.04]
[316697.66006, 3.0, 5.337, 5.42, 6.04]
[316697.66006, 3.0, 5.337, 5.42, 6.04]
[316697.66006, 3.0, 5.337, 5.42, 6.04]
[316697.66006, 3.0, 5.337, 5.42, 6.04]
[316697.66006, 3.0, 5.337, 5.42, 6.04]
[316697.66006, 3.0, 5.337, 5.42, 6.04]
[316697.66006, 3.0, 5.337, 5.42, 6.04]
[316697.66006, 3.0, 5.337, 5.42, 6.04]
[316697.66006, 3.0, 5.337, 5.42, 6.04]
[316697.66006, 3.0, 5.337, 5.42, 6.04]
[316697.71902, 3.0, 5.313, 5.36, 6.032]
[316697.71902, 3.0, 5.313, 5.36, 6.032]
[316697.71902, 3.0, 5.313, 5.36, 6.032]
[316697.71902, 3.0, 5.313, 5.36, 6.032]
[316697.71902, 3.0, 5.313, 5.36, 6.032]
[316697.71902, 3.0, 5.313, 5.36, 6.032]
[316697.71902, 3.0, 5.313, 5.36, 6.032]
[316697.71902, 3.0, 5.313, 5.36, 6.032]
[316697.71902, 3.0, 5.313, 5.36, 6.032]
[316697.71902, 3.0, 5.313, 5.36, 6.032]
[316697.71902, 3.0, 5.313, 5.36, 6.032]
[316697.71902, 3.0, 5.313, 5.36, 6.032]
[316697.71902, 3.0, 5.313, 5.36, 6.032]
[316697.71902, 3.0, 5.313, 5.36, 6.032]
[316697.71902, 3.0, 5.313, 5.36, 6.032]
[316697.71902, 3.0, 5.313, 5.36, 6.032]
[316697.71902, 3.0, 5.313, 5.36, 6.032]
[316697.71902, 3.0, 5.313, 5.36, 6.032]
[316697.71902, 3.0, 5.313, 5.36, 6.032]
[316697.71902, 3.0, 5.313, 5.36, 6.032]
[316697.71902, 3.0, 5.313, 5.36, 6.032]
[316697.71902, 3.0, 5.313, 5.36, 6.032]
[316697.71902, 3.0, 5.313, 5.36, 6.032]
[316697.71902, 3.0, 5.313, 5.36, 6.032]
[316697.71902, 3.0, 5.313, 5.36, 6.032]
[316697.71902, 3.0, 5.313, 5.36, 6.032]
[316697.71902, 3.0, 5.313, 5.36, 6.032]
[316697.71902, 3.0, 5.313, 5.36, 6.032]
[316697.71902, 3.0, 5.313, 5.36, 6.032]
[316697.71902, 3.0, 5.313, 5.36, 6.032]
[316697.77805, 3.0, 5.4, 5.361, 6.272]
[316697.77805, 3.0, 5.4, 5.361, 6.272]
[316697.77805, 3.0, 5.4, 5.361, 6.272]
[316697.77805, 3.0, 5.4, 5.361, 6.272]
[316697.77805, 3.0, 5.4, 5.361, 6.272]
[316697.77805, 3.0, 5.4, 5.361, 6.272]
[316697.77805, 3.0, 5.4, 5.361, 6.272]
[316697.77805, 3.0, 5.4, 5.361, 6.272]
[316697.77805, 3.0, 5.4, 5.361, 6.272]
[316697.77805, 3.0, 5.4, 5.361, 6.272]
[316697.77805, 3.0, 5.4, 5.361, 6.272]
[316697.77805, 3.0, 5.4, 5.361, 6.272]
[316697.77805, 3.0, 5.4, 5.361, 6.272]
[316697.77805, 3.0, 5.4, 5.361, 6.272]
[316697.77805, 3.0, 5.4, 5.361, 6.272]
[316697.77805, 3.0, 5.4, 5.361, 6.272]
[316697.77805, 3.0, 5.4, 5.361, 6.272]
[316697.77805, 3.0, 5.4, 5.361, 6.272]
[316697.77805, 3.0, 5.4, 5.361, 6.272]
[316697.77805, 3.0, 5.4, 5.361, 6.272]
[316697.77805, 3.0, 5.4, 5.361, 6.272]
[316697.77805, 3.0, 5.4, 5.361, 6.272]
[316697.77805, 3.0, 5.4, 5.361, 6.272]
[316697.77805, 3.0, 5.4, 5.361, 6.272]
[316697.77805, 3.0, 5.4, 5.361, 6.272]
[316697.77805, 3.0, 5.4, 5.361, 6.272]
[316697.77805, 3.0, 5.4, 5.361, 6.272]
[316697.77805, 3.0, 5.4, 5.361, 6.272]
[316697.77805, 3.0, 5.4, 5.361, 6.272]
[316697.77805, 3.0, 5.4, 5.361, 6.272]
[316697.83701, 3.0, 5.059, 5.258, 5.784]
[316697.83701, 3.0, 5.059, 5.258, 5.784]
[316697.83701, 3.0, 5.059, 5.258, 5.784]
[316697.83701, 3.0, 5.059, 5.258, 5.784]
[316697.83701, 3.0, 5.059, 5.258, 5.784]
[316697.83701, 3.0, 5.059, 5.258, 5.784]
[316697.83701, 3.0, 5.059, 5.258, 5.784]
[316697.83701, 3.0, 5.059, 5.258, 5.784]
[316697.83701, 3.0, 5.059, 5.258, 5.784]
[316697.83701, 3.0, 5.059, 5.258, 5.784]
[316697.83701, 3.0, 5.059, 5.258, 5.784]
[316697.83701, 3.0, 5.059, 5.258, 5.784]
[316697.83701, 3.0, 5.059, 5.258, 5.784]
[316697.83701, 3.0, 5.059, 5.258, 5.784]
[316697.83701, 3.0, 5.059, 5.258, 5.784]
[316697.83701, 3.0, 5.059, 5.258, 5.784]
[316697.83701, 3.0, 5.059, 5.258, 5.784]
[316697.83701, 3.0, 5.059, 5.258, 5.784]
[316697.83701, 3.0, 5.059, 5.258, 5.784]
[316697.83701, 3.0, 5.059, 5.258, 5.784]
[316697.83701, 3.0, 5.059, 5.258, 5.784]
[316697.83701, 3.0, 5.059, 5.258, 5.784]
[316697.83701, 3.0, 5.059, 5.258, 5.784]
[316697.83701, 3.0, 5.059, 5.258, 5.784]
[316697.83701, 3.0, 5.059, 5.258, 5.784]
[316697.83701, 3.0, 5.059, 5.258, 5.784]
[316697.83701, 3.0, 5.059, 5.258, 5.784]
[316697.83701, 3.0, 5.059, 5.258, 5.784]
[316697.83701, 3.0, 5.059, 5.258, 5.784]
[316697.83701, 3.0, 5.059, 5.258, 5.784]
[316697.89606, 3.0, 5.364, 5.308, 5.911]
[316697.89606, 3.0, 5.364, 5.308, 5.911]
[316697.89606, 3.0, 5.364, 5.308, 5.911]
[316697.89606, 3.0, 5.364, 5.308, 5.911]
[316697.89606, 3.0, 5.364, 5.308, 5.911]
[316697.89606, 3.0, 5.364, 5.308, 5.911]
[316697.89606, 3.0, 5.364, 5.308, 5.911]
[316697.89606, 3.0, 5.364, 5.308, 5.911]
[316697.89606, 3.0, 5.364, 5.308, 5.911]
[316697.89606, 3.0, 5.364, 5.308, 5.911]
[316697.89606, 3.0, 5.364, 5.308, 5.911]
[316697.89606, 3.0, 5.364, 5.308, 5.911]
[316697.89606, 3.0, 5.364, 5.308, 5.911]
[316697.89606, 3.0, 5.364, 5.308, 5.911]
[316697.89606, 3.0, 5.364, 5.308, 5.911]
[316697.89606, 3.0, 5.364, 5.308, 5.911]
[316697.89606, 3.0, 5.364, 5.308, 5.911]
[316697.89606, 3.0, 5.364, 5.308, 5.911]
[316697.89606, 3.0, 5.364, 5.308, 5.911]
[316697.89606, 3.0, 5.364, 5.308, 5.911]
[316697.89606, 3.0, 5.364, 5.308, 5.911]
[316697.89606, 3.0, 5.364, 5.308, 5.911]
[316697.89606, 3.0, 5.364, 5.308, 5.911]
[316697.89606, 3.0, 5.364, 5.308, 5.911]
[316697.89606, 3.0, 5.364, 5.308, 5.911]
[316697.89606, 3.0, 5.364, 5.308, 5.911]
[316697.89606, 3.0, 5.364, 5.308, 5.911]
[316697.89606, 3.0, 5.364, 5.308, 5.911]
[316697.89606, 3.0, 5.364, 5.308, 5.911]
[316697.89606, 3.0, 5.364, 5.308, 5.911]
[316697.95502, 3.0, 5.531, 5.412, 6.466]
[316697.95502, 3.0, 5.531, 5.412, 6.466]
[316697.95502, 3.0, 5.531, 5.412, 6.466]
[316697.95502, 3.0, 5.531, 5.412, 6.466]
[316697.95502, 3.0, 5.531, 5.412, 6.466]
[316697.95502, 3.0, 5.531, 5.412, 6.466]
[316697.95502, 3.0, 5.531, 5.412, 6.466]
[316697.95502, 3.0, 5.531, 5.412, 6.466]
[316697.95502, 3.0, 5.531, 5.412, 6.466]
[316697.95502, 3.0, 5.531, 5.412, 6.466]
[316697.95502, 3.0, 5.531, 5.412, 6.466]
[316697.95502, 3.0, 5.531, 5.412, 6.466]
[316697.95502, 3.0, 5.531, 5.412, 6.466]
[316697.95502, 3.0, 5.531, 5.412, 6.466]
[316697.95502, 3.0, 5.531, 5.412, 6.466]
[316697.95502, 3.0, 5.531, 5.412, 6.466]
[316697.95502, 3.0, 5.531, 5.412, 6.466]
[316697.95502, 3.0, 5.531, 5.412, 6.466]
[316697.95502, 3.0, 5.531, 5.412, 6.466]
[316697.95502, 3.0, 5.531, 5.412, 6.466]
[316697.95502, 3.0, 5.531, 5.412, 6.466]
[316697.95502, 3.0, 5.531, 5.412, 6.466]
[316697.95502, 3.0, 5.531, 5.412, 6.466]
[316697.95502, 3.0, 5.531, 5.412, 6.466]
[316697.95502, 3.0, 5.531, 5.412, 6.466]
[316697.95502, 3.0, 5.531, 5.412, 6.466]
[316697.95502, 3.0, 5.531, 5.412, 6.466]
[316697.95502, 3.0, 5.531, 5.412, 6.466]
[316697.95502, 3.0, 5.531, 5.412, 6.466]
[316697.95502, 3.0, 5.531, 5.412, 6.466]
[316698.01404, 3.0, 5.196, 5.362, 6.235]
[316698.01404, 3.0, 5.196, 5.362, 6.235]
[316698.01404, 3.0, 5.196, 5.362, 6.235]
[316698.01404, 3.0, 5.196, 5.362, 6.235]
[316698.01404, 3.0, 5.196, 5.362, 6.235]
[316698.01404, 3.0, 5.196, 5.362, 6.235]
[316698.01404, 3.0, 5.196, 5.362, 6.235]
[316698.01404, 3.0, 5.196, 5.362, 6.235]
[316698.01404, 3.0, 5.196, 5.362, 6.235]
[316698.01404, 3.0, 5.196, 5.362, 6.235]
[316698.01404, 3.0, 5.196, 5.362, 6.235]
[316698.01404, 3.0, 5.196, 5.362, 6.235]
[316698.01404, 3.0, 5.196, 5.362, 6.235]
[316698.01404, 3.0, 5.196, 5.362, 6.235]
[316698.01404, 3.0, 5.196, 5.362, 6.235]
[316698.01404, 3.0, 5.196, 5.362, 6.235]
[316698.01404, 3.0, 5.196, 5.362, 6.235]
[316698.01404, 3.0, 5.196, 5.362, 6.235]
[316698.01404, 3.0, 5.196, 5.362, 6.235]
[316698.01404, 3.0, 5.196, 5.362, 6.235]
[316698.01404, 3.0, 5.196, 5.362, 6.235]
[316698.01404, 3.0, 5.196, 5.362, 6.235]
[316698.01404, 3.0, 5.196, 5.362, 6.235]
[316698.01404, 3.0, 5.196, 5.362, 6.235]
[316698.01404, 3.0, 5.196, 5.362, 6.235]
[316698.01404, 3.0, 5.196, 5.362, 6.235]
[316698.01404, 3.0, 5.196, 5.362, 6.235]
[316698.01404, 3.0, 5.196, 5.362, 6.235]
[316698.01404, 3.0, 5.196, 5.362, 6.235]
[316698.01404, 3.0, 5.196, 5.362, 6.235]
[316698.073, 3.0, 5.147, 5.403, 5.491]
[316698.073, 3.0, 5.147, 5.403, 5.491]
[316698.073, 3.0, 5.147, 5.403, 5.491]
[316698.073, 3.0, 5.147, 5.403, 5.491]
[316698.073, 3.0, 5.147, 5.403, 5.491]
[316698.073, 3.0, 5.147, 5.403, 5.491]
[316698.073, 3.0, 5.147, 5.403, 5.491]
[316698.073, 3.0, 5.147, 5.403, 5.491]
[316698.073, 3.0, 5.147, 5.403, 5.491]
[316698.073, 3.0, 5.147, 5.403, 5.491]
[316698.073, 3.0, 5.147, 5.403, 5.491]
[316698.073, 3.0, 5.147, 5.403, 5.491]
[316698.073, 3.0, 5.147, 5.403, 5.491]
[316698.073, 3.0, 5.147, 5.403, 5.491]
[316698.073, 3.0, 5.147, 5.403, 5.491]
[316698.073, 3.0, 5.147, 5.403, 5.491]
[316698.073, 3.0, 5.147, 5.403, 5.491]
[316698.073, 3.0, 5.147, 5.403, 5.491]
[316698.073, 3.0, 5.147, 5.403, 5.491]
[316698.073, 3.0, 5.147, 5.403, 5.491]
[316698.073, 3.0, 5.147, 5.403, 5.491]
[316698.073, 3.0, 5.147, 5.403, 5.491]
[316698.073, 3.0, 5.147, 5.403, 5.491]
[316698.073, 3.0, 5.147, 5.403, 5.491]
[316698.073, 3.0, 5.147, 5.403, 5.491]
[316698.073, 3.0, 5.147, 5.403, 5.491]
[316698.073, 3.0, 5.147, 5.403, 5.491]
[316698.073, 3.0, 5.147, 5.403, 5.491]
[316698.073, 3.0, 5.147, 5.403, 5.491]
[316698.073, 3.0, 5.147, 5.403, 5.491]
[316698.13202, 3.0, 5.392, 5.258, 6.65]
[316698.13202, 3.0, 5.392, 5.258, 6.65]
[316698.13202, 3.0, 5.392, 5.258, 6.65]
[316698.13202, 3.0, 5.392, 5.258, 6.65]
[316698.13202, 3.0, 5.392, 5.258, 6.65]
[316698.13202, 3.0, 5.392, 5.258, 6.65]
[316698.13202, 3.0, 5.392, 5.258, 6.65]
[316698.13202, 3.0, 5.392, 5.258, 6.65]
[316698.13202, 3.0, 5.392, 5.258, 6.65]
