[3.0, -1.584, 0.998, 9.698, 4.0, -0.033, -0.092, -0.107]
[3.0, -0.12, 2.488, 10.098]
[3.0, -0.677, 2.223, 9.605, 4.0, -0.0, -0.067, -0.492]
[3.0, 0.744, 2.101, 9.356]
[3.0, -1.625, -0.304, 9.521]
[3.0, -1.429, -0.158, 9.631]
[3.0, -1.264, -1.079, 9.569]
[3.0, -0.986, 1.457, 10.524, 4.0, -0.604, 0.022, 0.879]
[3.0, -0.386, 1.878, 10.108]
[3.0, -1.785, 0.701, 8.315]
[3.0, -1.474, 0.043, 9.485]
[3.0, -1.134, -1.402, 9.107]
[3.0, -1.501, -1.118, 10.443, 4.0, -0.286, -0.517, 0.633]
[3.0, -0.553, -2.582, 9.969]
[3.0, -1.173, -3.379, 8.976, 4.0, 1.129, -0.16, 1.836]
[3.0, 3.893, -0.093, 8.143]
[3.0, 1.679, 1.057, 7.547]
[3.0, -1.654, 0.21, 7.203, 4.0, 0.533, -0.227, 1.003]
[3.0, -2.654, -0.199, 8.246]
[3.0, -3.57, 0.538, 9.433]
[3.0, -2.711, 0.684, 11.184, 4.0, -0.141, 1.261, -0.284]
[3.0, -3.144, 0.172, 11.68]
[3.0, -2.934, -0.239, 11.847, 4.0, 0.566, 0.109, -0.193]
[3.0, -3.049, -0.359, 10.304]
[3.0, -2.058, -0.22, 8.964]
[3.0, -1.783, -0.201, 8.267, 4.0, 1.424, -0.996, 0.216]
[3.0, -1.9, 0.043, 8.624]
[3.0, -2.025, 1.225, 8.887]
[3.0, -1.62, 1.596, 9.296, 4.0, 0.51, -0.252, 0.394]
[3.0, -1.424, 1.242, 10.237]
[3.0, -1.283, 0.885, 10.084, 5.0, 12.987, -10.91, -6.493]
[3.0, -1.876, 0.928, 8.866]
[3.0, -1.659, 1.017, 10.56]
[3.0, -2.656, 1.072, 8.794, 4.0, 0.146, 1.492, 0.05]
[3.0, -3.585, 1.407, 9.036]
[3.0, -3.779, 2.029, 9.567, 4.0, 1.009, 1.016, 0.069]
[3.0, -2.74, 1.909, 10.108]
[3.0, -2.759, 1.986, 9.794]
[3.0, -2.742, 2.029, 9.5, 4.0, 0.904, 0.333, 0.388]
[3.0, -3.101, 2.051, 8.303]
[3.0, -2.998, 3.005, 7.162]
[3.0, -3.463, 3.45, 6.801, 4.0, 1.272, 0.775, 0.225]
[3.0, -3.616, 3.331, 7.069]
[3.0, -3.3, 3.084, 7.942, 4.0, 0.453, 0.038, 0.147]
[3.0, -3.099, 3.168, 8.648]
[3.0, -3.298, 3.414, 8.681]
[3.0, -3.233, 3.249, 8.454, 4.0, 0.127, 0.192, 0.104]
[3.0, -3.836, 3.108, 8.605]
[3.0, -4.03, 3.773, 8.777, 4.0, 0.159, -0.021, 0.296]
[3.0, -4.403, 3.644, 9.134]
[3.0, -3.609, 3.398, 9.098]
[3.0, -3.121, 3.608, 7.882, 5.0, 17.252, -15.59, 1.256]
[3.0, -2.692, 4.754, 7.456]
[3.0, -2.084, 4.111, 8.502, 4.0, -0.026, -0.504, 0.561]
[3.0, -2.111, 3.699, 8.626]
[3.0, -1.831, 3.958, 9.22]
[3.0, -0.974, 4.032, 10.153, 4.0, -0.41, -1.198, 0.448]
[3.0, -0.661, 4.491, 11.318]
[3.0, -0.651, 4.336, 12.414, 4.0, -0.048, -0.819, 0.192]
[3.0, -1.07, 4.13, 11.491]
[3.0, -1.216, 4.269, 10.285]
[3.0, -0.304, 4.797, 10.644, 4.0, 0.397, -0.571, 0.002]
[3.0, 0.349, 5.099, 11.651]
[3.0, -0.319, 4.474, 12.668, 4.0, 0.727, -0.913, -0.263]
[3.0, -1.453, 4.455, 12.51]
[3.0, -0.924, 4.812, 12.117]
[3.0, -0.247, 4.73, 12.637, 4.0, 1.39, -0.974, -0.395]
[3.0, -0.713, 4.467, 12.417]
[3.0, -1.888, 4.235, 11.718]
[3.0, -3.075, 3.831, 10.983, 5.0, 17.572, -13.44, -0.609]
[3.0, -2.336, 4.407, 10.048]
[3.0, -1.359, 4.716, 8.777, 4.0, 2.063, -1.128, -0.245]
[3.0, -0.414, 5.125, 7.734]
[3.0, 0.019, 5.365, 7.03]
[3.0, 0.134, 5.575, 8.356, 4.0, 2.183, -1.359, 0.057]
[3.0, -0.007, 5.8, 8.112]
[3.0, -0.474, 5.58, 6.913, 4.0, 2.016, -0.879, -0.166]
[3.0, -0.52, 5.64, 5.705]
[3.0, -0.639, 5.829, 4.894]
[3.0, -0.778, 6.145, 4.48, 4.0, 1.865, -0.814, -0.086]
[3.0, -0.259, 6.372, 4.269]
[3.0, 0.557, 6.843, 4.41]
[3.0, 1.266, 7.279, 4.683, 4.0, 1.525, -0.759, 0.087]
[3.0, 0.825, 7.284, 4.489]
[3.0, 0.56, 7.422, 3.783, 4.0, 1.437, -0.563, -0.138]
[3.0, 0.983, 7.863, 4.176]
[3.0, 0.816, 7.978, 4.599]
[3.0, 0.641, 7.635, 4.444, 4.0, 1.638, -0.433, -0.255]
[3.0, 0.206, 7.576, 3.094]
[3.0, -0.067, 7.719, 2.039]
[3.0, 0.698, 7.786, 1.611, 5.0, 16.827, -16.873, -0.235]
[3.0, 1.342, 8.317, 1.18]
[3.0, 1.323, 8.695, 1.146, 4.0, 1.614, -0.465, -0.111]
[3.0, 0.445, 8.052, 0.917]
[3.0, 0.643, 8.375, 0.225]
[3.0, 1.371, 8.877, -0.28, 4.0, 1.313, -0.209, -0.222]
[3.0, 1.557, 8.899, -0.636]
[3.0, 1.292, 9.006, -0.572, 4.0, 1.065, -0.525, -0.14]
[3.0, 0.567, 8.707, -0.715]
[3.0, 0.414, 8.841, -1.151]
[3.0, 0.933, 9.172, -0.686, 4.0, 0.744, -0.903, 0.027]
[3.0, 1.067, 9.236, 0.022]
[3.0, 1.256, 9.526, 0.199]
[3.0, 1.103, 9.44, -0.103, 4.0, 0.514, -0.712, 0.041]
[3.0, 1.184, 9.528, 0.271]
[3.0, 1.139, 9.595, 0.493, 4.0, 0.561, -0.339, -0.087]
[3.0, 1.194, 9.516, 0.184]
[3.0, 1.378, 9.626, -0.328]
[3.0, 1.287, 9.851, -0.564, 5.0, 18.457, -16.124, 5.725]
[3.0, 0.974, 9.468, -0.701]
[3.0, 1.232, 9.576, -1.187, 4.0, 0.771, -0.405, -0.179]
[3.0, 1.208, 9.586, -1.299]
[3.0, 0.966, 9.535, -1.287]
[3.0, 0.517, 9.344, -1.234, 4.0, 0.749, -0.407, -0.335]
[3.0, 0.052, 9.406, -1.802]
[3.0, -0.347, 9.205, -2.388]
[3.0, -0.108, 9.31, -2.314, 4.0, 0.698, -0.341, -0.395]
[3.0, -0.194, 9.157, -1.526]
[3.0, -0.522, 8.784, -1.852, 4.0, 0.586, -0.44, -0.256]
[3.0, -0.634, 8.707, -2.364]
[3.0, -0.237, 8.937, -2.696]
[3.0, -0.299, 9.093, -2.182, 4.0, 0.516, -0.305, -0.186]
[3.0, -0.218, 9.066, -1.421]
[3.0, -0.125, 9.274, -1.866]
[3.0, 0.028, 9.442, -2.598, 4.0, 0.706, -0.197, -0.173]
[3.0, 0.222, 9.571, -2.838]
[3.0, 0.232, 9.459, -2.96, 4.0, 0.813, -0.232, -0.297]
[3.0, 0.127, 9.533, -3.498]
[3.0, -0.015, 9.471, -3.651]
[3.0, 0.308, 9.552, -3.218]
[3.0, -0.594, 8.93, -2.711]
[3.0, -1.012, 8.935, -3.055, 4.0, 0.763, -0.316, -0.445]
[3.0, -0.721, 8.841, -3.603]
[3.0, -0.668, 8.655, -4.027]
[3.0, -1.146, 8.473, -4.606, 4.0, 1.087, -0.175, -0.415]
[3.0, -1.802, 8.243, -5.108]
[3.0, -1.848, 7.791, -5.374, 4.0, 1.091, -0.099, -0.452]
[3.0, -1.955, 7.805, -5.589]
[3.0, -1.974, 7.733, -5.891]
[3.0, -1.752, 7.839, -5.989, 4.0, 0.874, 0.032, -0.183]
[3.0, -1.477, 7.702, -6.252]
[3.0, -1.178, 7.54, -6.647, 4.0, 0.617, 0.155, -0.154]
[3.0, -1.182, 7.248, -6.862]
[3.0, -1.759, 6.963, -7.269]
[3.0, -2.398, 6.961, -7.171, 4.0, 0.106, 0.364, -0.084]
[3.0, -2.506, 6.673, -7.267]
[3.0, -2.171, 6.46, -6.927]
[3.0, -1.685, 6.774, -6.826, 5.0, 21.651, -6.641, 10.262]
[3.0, -1.13, 6.501, -6.994]
[3.0, -1.666, 5.274, -6.25, 4.0, -0.4, 0.666, 0.096]
[3.0, -2.362, 4.194, -5.659]
[3.0, -2.62, 3.484, -5.697]
[3.0, -2.898, 3.173, -6.542, 4.0, -0.687, 1.035, -0.142]
[3.0, -3.484, 2.338, -7.284]
[3.0, -4.152, 1.419, -7.803, 4.0, -1.227, 1.796, -0.118]
[3.0, -3.982, 0.584, -8.439]
[3.0, -2.989, -0.326, -9.011]
[3.0, -1.359, -0.505, -9.559, 4.0, -3.525, 1.92, 0.487]
[3.0, -1.594, -2.331, -8.576]
[3.0, -2.214, -4.494, -6.853]
[3.0, -1.874, -7.351, -5.266, 4.0, -7.476, 1.616, 0.284]
[3.0, -1.929, -10.414, -4.266]
[3.0, -4.338, -15.793, -0.179, 4.0, -12.367, 2.222, -0.134]
[3.0, -6.963, -20.839, 6.447]
[3.0, -8.665, -20.222, 21.076]
[3.0, -2.017, -13.864, 39.283, 5.0, 16.696, -16.187, 3.026]
[3.0, 10.085, -3.02, 41.087]
[3.0, 4.967, -5.427, 31.011, 4.0, -9.466, 0.747, 1.28]
[3.0, 0.598, -4.539, 43.985]
[3.0, 4.84, -2.601, 33.83]
[3.0, 12.761, 6.63, 64.673, 4.0, -3.55, -1.346, 0.732]
[3.0, 10.88, 0.859, 36.524]
[3.0, 5.769, -1.977, 4.006]
[3.0, 1.282, 1.519, -7.721, 4.0, 3.786, 3.202, -0.08]
[3.0, -0.139, 3.412, -7.032]
[3.0, 0.99, 2.67, -1.794, 4.0, 1.168, -0.981, 0.054]
[3.0, -1.85, -0.206, 7.042]
[3.0, 0.708, 2.163, 13.12, 4.0, -0.555, -1.147, 0.634]
[3.0, 0.651, 2.067, 9.533]
[3.0, 0.832, 2.01, 6.145, 4.0, 0.456, 0.857, -0.279]
[3.0, -2.936, -0.034, 2.503]
[3.0, -4.013, 0.175, 4.439, 4.0, -0.871, -0.74, 0.192]
[3.0, -2.34, 0.16, 8.736]
[3.0, -2.041, 0.639, 10.119, 4.0, -0.875, 0.215, 0.066]
[3.0, -1.108, 0.799, 10.581]
[3.0, 0.572, 1.773, 9.33]
[3.0, 2.378, 0.845, 11.247]
[3.0, 1.691, 0.246, 8.366, 4.0, -0.116, 0.013, -0.153]
[3.0, 2.168, -0.144, 12.082]
[3.0, 2.675, -0.44, 10.699, 4.0, 0.261, -2.106, -2.013]
[3.0, 2.668, -1.101, 9.43]
[3.0, 2.003, -1.254, 7.425]
[3.0, 3.465, -0.251, 15.025]
[3.0, 3.931, 1.122, 22.385]
